"Status","Start Time","Stop Time","Duration in ms","Parent Suite","Suite","Sub Suite","Test Class","Test Method","Name","Description"
"passed","Mon Aug 07 07:06:28 GMT 2023","Mon Aug 07 07:06:30 GMT 2023","2023","AllTestsSuite","AllTests","school.redrover.MultibranchPipelineTest","school.redrover.MultibranchPipelineTest","testRenameWithInvalidData","testRenameWithInvalidData",""
"passed","Mon Aug 07 06:43:25 GMT 2023","Mon Aug 07 06:43:27 GMT 2023","2237","AllTestsSuite","AllTests","school.redrover.MultiConfigurationProjectTest","school.redrover.MultiConfigurationProjectTest","testCancelDeletingFromSideMenu","testCancelDeletingFromSideMenu","Verification of possibility to cancel deleting from side menu for MultiConfiguration Project"
"passed","Mon Aug 07 06:37:15 GMT 2023","Mon Aug 07 06:37:16 GMT 2023","1823","AllTestsSuite","AllTests","school.redrover.HeaderTest","school.redrover.HeaderTest","testNotificationAndSecurityIcon","testNotificationAndSecurityIcon",""
"passed","Mon Aug 07 07:13:22 GMT 2023","Mon Aug 07 07:13:23 GMT 2023","895","AllTestsSuite","AllTests","school.redrover.ManageJenkinsTest","school.redrover.ManageJenkinsTest","testSearchSettingsItemsByKeyword","testSearchSettingsItemsByKeyword","Verify access search field using keywords"
"passed","Mon Aug 07 06:42:15 GMT 2023","Mon Aug 07 06:42:17 GMT 2023","2228","AllTestsSuite","AllTests","school.redrover.OrganizationFolderTest","school.redrover.OrganizationFolderTest","testRenameWithInvalidData","testRenameWithInvalidData",""
"passed","Mon Aug 07 07:13:27 GMT 2023","Mon Aug 07 07:13:28 GMT 2023","862","AllTestsSuite","AllTests","school.redrover.ManageJenkinsTest","school.redrover.ManageJenkinsTest","testSearchSettingsItemsByKeyword","testSearchSettingsItemsByKeyword","Verify access search field using keywords"
"passed","Mon Aug 07 07:18:09 GMT 2023","Mon Aug 07 07:18:12 GMT 2023","2791","AllTestsSuite","AllTests","school.redrover.PipelineTest","school.redrover.PipelineTest","testDiscardOldBuildsPipeline","testDiscardOldBuildsPipeline",""
"passed","Mon Aug 07 06:40:46 GMT 2023","Mon Aug 07 06:40:48 GMT 2023","2389","AllTestsSuite","AllTests","school.redrover.OrganizationFolderTest","school.redrover.OrganizationFolderTest","testDisableFromConfigurationPage","testDisableFromConfigurationPage",""
"passed","Mon Aug 07 07:17:56 GMT 2023","Mon Aug 07 07:17:58 GMT 2023","2640","AllTestsSuite","AllTests","school.redrover.PipelineTest","school.redrover.PipelineTest","testDiscardOldBuilds0Days","testDiscardOldBuilds0Days",""
"passed","Mon Aug 07 07:07:53 GMT 2023","Mon Aug 07 07:07:54 GMT 2023","1494","AllTestsSuite","AllTests","school.redrover.FolderTest","school.redrover.FolderTest","testCancelDeletingFromSideMenu","testCancelDeletingFromSideMenu",""
"passed","Mon Aug 07 07:01:25 GMT 2023","Mon Aug 07 07:01:27 GMT 2023","1969","AllTestsSuite","AllTests","school.redrover.FreestyleProjectTest","school.redrover.FreestyleProjectTest","testRenameWithInvalidData","testRenameWithInvalidData",""
"passed","Mon Aug 07 07:04:10 GMT 2023","Mon Aug 07 07:04:11 GMT 2023","370","AllTestsSuite","AllTests","school.redrover.MultibranchPipelineTest","school.redrover.MultibranchPipelineTest","testCreateWithDotInsteadOfName","testCreateWithDotInsteadOfName",""
"passed","Mon Aug 07 06:47:50 GMT 2023","Mon Aug 07 06:47:52 GMT 2023","2347","AllTestsSuite","AllTests","school.redrover.MultiConfigurationProjectTest","school.redrover.MultiConfigurationProjectTest","testRenameWithInvalidData","testRenameWithInvalidData","Verification of impossibility to rename MultiConfiguration project with unsafe data"
"passed","Mon Aug 07 06:51:42 GMT 2023","Mon Aug 07 06:51:44 GMT 2023","2139","AllTestsSuite","AllTests","school.redrover.UsersTest","school.redrover.UsersTest","testNavigateToSideMenuUserFromUsersPage","testNavigateToSideMenuUserFromUsersPage",""
"passed","Mon Aug 07 06:37:49 GMT 2023","Mon Aug 07 06:37:49 GMT 2023","479","AllTestsSuite","AllTests","school.redrover.HeaderTest","school.redrover.HeaderTest","testSearchHelpButton","testSearchHelpButton",""
"passed","Mon Aug 07 07:18:21 GMT 2023","Mon Aug 07 07:18:24 GMT 2023","2291","AllTestsSuite","AllTests","school.redrover.PipelineTest","school.redrover.PipelineTest","testEditBuildInformationFromLastBuild","testEditBuildInformationFromLastBuild",""
"passed","Mon Aug 07 07:29:09 GMT 2023","Mon Aug 07 07:29:09 GMT 2023","446","AllTestsSuite","AllTests","school.redrover.BreadcrumbTest","school.redrover.BreadcrumbTest","testReturnToDashboardPageFromBuildHistoryPage","testReturnToDashboardPageFromBuildHistoryPage",""
"passed","Mon Aug 07 07:29:38 GMT 2023","Mon Aug 07 07:29:38 GMT 2023","563","AllTestsSuite","AllTests","school.redrover.BreadcrumbTest","school.redrover.BreadcrumbTest","testReturnToDashboardPageFromPeoplePage","testReturnToDashboardPageFromPeoplePage",""
"passed","Mon Aug 07 06:42:47 GMT 2023","Mon Aug 07 06:42:49 GMT 2023","1800","AllTestsSuite","AllTests","school.redrover.MultiConfigurationProjectTest","school.redrover.MultiConfigurationProjectTest","testAddDescriptionFromProjectPage","testAddDescriptionFromProjectPage","Verification of presence description added from MultiConfiguration Project Page"
"passed","Mon Aug 07 07:30:02 GMT 2023","Mon Aug 07 07:30:06 GMT 2023","3385","AllTestsSuite","AllTests","school.redrover.ViewsTest","school.redrover.ViewsTest","testAddColumnList","testAddColumnList",""
"passed","Mon Aug 07 06:39:10 GMT 2023","Mon Aug 07 06:39:11 GMT 2023","1533","AllTestsSuite","AllTests","school.redrover.OrganizationFolderTest","school.redrover.OrganizationFolderTest","testConfigureProject","testConfigureProject",""
"passed","Mon Aug 07 07:20:14 GMT 2023","Mon Aug 07 07:20:16 GMT 2023","2014","AllTestsSuite","AllTests","school.redrover.PipelineTest","school.redrover.PipelineTest","testPreviewDescriptionFromProjectPage","testPreviewDescriptionFromProjectPage",""
"passed","Mon Aug 07 07:02:34 GMT 2023","Mon Aug 07 07:02:35 GMT 2023","589","AllTestsSuite","AllTests","school.redrover.DashboardTest","school.redrover.DashboardTest","testAddDescriptionOnMainPage","testAddDescriptionOnMainPage","Verification of adding of a description on the main page"
"passed","Mon Aug 07 07:27:13 GMT 2023","Mon Aug 07 07:27:16 GMT 2023","2239","AllTestsSuite","AllTests","school.redrover.BreadcrumbTest","school.redrover.BreadcrumbTest","testNavigateToMyViewsPageFromConfigurationPage","testNavigateToMyViewsPageFromConfigurationPage",""
"passed","Mon Aug 07 07:21:12 GMT 2023","Mon Aug 07 07:21:15 GMT 2023","2420","AllTestsSuite","AllTests","school.redrover.PipelineTest","school.redrover.PipelineTest","testRenameWithInvalidData","testRenameWithInvalidData",""
"passed","Mon Aug 07 07:26:32 GMT 2023","Mon Aug 07 07:26:34 GMT 2023","2070","AllTestsSuite","AllTests","school.redrover.BreadcrumbTest","school.redrover.BreadcrumbTest","testNavigateToMultibranchPagesFromDropdownOnBreadcrumb","testNavigateToMultibranchPagesFromDropdownOnBreadcrumb",""
"passed","Mon Aug 07 07:28:18 GMT 2023","Mon Aug 07 07:28:21 GMT 2023","2495","AllTestsSuite","AllTests","school.redrover.BreadcrumbTest","school.redrover.BreadcrumbTest","testNavigateToPipelinePagesFromDropdownOnBreadcrumb","testNavigateToPipelinePagesFromDropdownOnBreadcrumb",""
"passed","Mon Aug 07 07:31:45 GMT 2023","Mon Aug 07 07:31:47 GMT 2023","2783","AllTestsSuite","AllTests","school.redrover.ViewsTest","school.redrover.ViewsTest","testDeleteMyViewTypesFromViewPage","testDeleteMyViewTypesFromViewPage",""
"passed","Mon Aug 07 07:28:38 GMT 2023","Mon Aug 07 07:28:40 GMT 2023","2138","AllTestsSuite","AllTests","school.redrover.BreadcrumbTest","school.redrover.BreadcrumbTest","testNavigateToPluginsPageFromPeoplePage","testNavigateToPluginsPageFromPeoplePage",""
"passed","Mon Aug 07 06:57:06 GMT 2023","Mon Aug 07 06:57:06 GMT 2023","627","AllTestsSuite","AllTests","school.redrover.FreestyleProjectTest","school.redrover.FreestyleProjectTest","testCreateUsingInvalidData","testCreateUsingInvalidData",""
"passed","Mon Aug 07 07:27:50 GMT 2023","Mon Aug 07 07:27:52 GMT 2023","2175","AllTestsSuite","AllTests","school.redrover.BreadcrumbTest","school.redrover.BreadcrumbTest","testNavigateToOrgFolderPagesFromDropdownOnBreadcrumb","testNavigateToOrgFolderPagesFromDropdownOnBreadcrumb",""
"passed","Mon Aug 07 06:57:27 GMT 2023","Mon Aug 07 06:57:28 GMT 2023","651","AllTestsSuite","AllTests","school.redrover.FreestyleProjectTest","school.redrover.FreestyleProjectTest","testCreateUsingInvalidData","testCreateUsingInvalidData",""
"passed","Mon Aug 07 07:22:40 GMT 2023","Mon Aug 07 07:22:43 GMT 2023","2888","AllTestsSuite","AllTests","school.redrover.BreadcrumbTest","school.redrover.BreadcrumbTest","testNavigateToBuildHistoryPageFromProjectPage","testNavigateToBuildHistoryPageFromProjectPage",""
"passed","Mon Aug 07 07:08:54 GMT 2023","Mon Aug 07 07:08:55 GMT 2023","670","AllTestsSuite","AllTests","school.redrover.FolderTest","school.redrover.FolderTest","testCreateUsingInvalidData","testCreateUsingInvalidData",""
"passed","Mon Aug 07 07:12:16 GMT 2023","Mon Aug 07 07:12:17 GMT 2023","1907","AllTestsSuite","AllTests","school.redrover.FolderTest","school.redrover.FolderTest","testRenameWithInvalidData","testRenameWithInvalidData",""
"passed","Mon Aug 07 07:01:56 GMT 2023","Mon Aug 07 07:02:00 GMT 2023","3797","AllTestsSuite","AllTests","school.redrover.FreestyleProjectTest","school.redrover.FreestyleProjectTest","testSetParametersToDiscardOldBuilds","testSetParametersToDiscardOldBuilds",""
"passed","Mon Aug 07 07:20:45 GMT 2023","Mon Aug 07 07:20:47 GMT 2023","2064","AllTestsSuite","AllTests","school.redrover.PipelineTest","school.redrover.PipelineTest","testRenameWithInvalidData","testRenameWithInvalidData",""
"passed","Mon Aug 07 06:49:57 GMT 2023","Mon Aug 07 06:50:00 GMT 2023","2909","AllTestsSuite","AllTests","school.redrover.UsersTest","school.redrover.UsersTest","testEditEmailOnTheUserProfilePageByDropDown","testEditEmailOnTheUserProfilePageByDropDown",""
"passed","Mon Aug 07 07:08:16 GMT 2023","Mon Aug 07 07:08:24 GMT 2023","8645","AllTestsSuite","AllTests","school.redrover.FolderTest","school.redrover.FolderTest","testCreateJobsInFolder","testCreateJobsInFolder",""
"passed","Mon Aug 07 07:14:37 GMT 2023","Mon Aug 07 07:14:41 GMT 2023","3363","AllTestsSuite","AllTests","school.redrover.PipelineTest","school.redrover.PipelineTest","testAddDisplayName","testAddDisplayName",""
"passed","Mon Aug 07 07:21:01 GMT 2023","Mon Aug 07 07:21:03 GMT 2023","2106","AllTestsSuite","AllTests","school.redrover.PipelineTest","school.redrover.PipelineTest","testRenameWithInvalidData","testRenameWithInvalidData",""
"passed","Mon Aug 07 07:18:52 GMT 2023","Mon Aug 07 07:19:00 GMT 2023","7749","AllTestsSuite","AllTests","school.redrover.PipelineTest","school.redrover.PipelineTest","testMakeSeveralBuilds","testMakeSeveralBuilds",""
"passed","Mon Aug 07 06:38:23 GMT 2023","Mon Aug 07 06:38:23 GMT 2023","916","AllTestsSuite","AllTests","school.redrover.ConfigureGlobalSecurityTest","school.redrover.ConfigureGlobalSecurityTest","testCheckTitleTexts","testCheckTitleTexts",""
"passed","Mon Aug 07 07:12:09 GMT 2023","Mon Aug 07 07:12:11 GMT 2023","1913","AllTestsSuite","AllTests","school.redrover.FolderTest","school.redrover.FolderTest","testRenameWithInvalidData","testRenameWithInvalidData",""
"passed","Mon Aug 07 06:59:37 GMT 2023","Mon Aug 07 06:59:45 GMT 2023","7388","AllTestsSuite","AllTests","school.redrover.FreestyleProjectTest","school.redrover.FreestyleProjectTest","testKeepThisBuildForever","testKeepThisBuildForever",""
"passed","Mon Aug 07 07:27:17 GMT 2023","Mon Aug 07 07:27:20 GMT 2023","2537","AllTestsSuite","AllTests","school.redrover.BreadcrumbTest","school.redrover.BreadcrumbTest","testNavigateToMyViewsPageFromConfigurationPage","testNavigateToMyViewsPageFromConfigurationPage",""
"passed","Mon Aug 07 07:11:05 GMT 2023","Mon Aug 07 07:11:07 GMT 2023","1766","AllTestsSuite","AllTests","school.redrover.FolderTest","school.redrover.FolderTest","testPreviewDescriptionFromConfigurationPage","testPreviewDescriptionFromConfigurationPage",""
"passed","Mon Aug 07 07:12:53 GMT 2023","Mon Aug 07 07:12:55 GMT 2023","2143","AllTestsSuite","AllTests","school.redrover.ManageJenkinsTest","school.redrover.ManageJenkinsTest","testDeleteNodeByDropDownOnManageNodesPage","testDeleteNodeByDropDownOnManageNodesPage","Delete node by drop down menu on the nodes page"
"passed","Mon Aug 07 07:19:01 GMT 2023","Mon Aug 07 07:19:09 GMT 2023","7808","AllTestsSuite","AllTests","school.redrover.PipelineTest","school.redrover.PipelineTest","testPipelineBuildNow","testPipelineBuildNow",""
"passed","Mon Aug 07 07:08:48 GMT 2023","Mon Aug 07 07:08:48 GMT 2023","426","AllTestsSuite","AllTests","school.redrover.FolderTest","school.redrover.FolderTest","testCreateUsingInvalidData","testCreateUsingInvalidData",""
"passed","Mon Aug 07 07:02:07 GMT 2023","Mon Aug 07 07:02:10 GMT 2023","3020","AllTestsSuite","AllTests","school.redrover.FreestyleProjectTest","school.redrover.FreestyleProjectTest","testSetRateLimitForBuilds","testSetRateLimitForBuilds",""
"unknown","Mon Aug 07 06:36:53 GMT 2023","Mon Aug 07 06:36:53 GMT 2023","0","AllTestsSuite","AllTests","school.redrover.APITest","school.redrover.APITest","restAssuredTest","restAssuredTest",""
"passed","Mon Aug 07 07:13:04 GMT 2023","Mon Aug 07 07:13:07 GMT 2023","2279","AllTestsSuite","AllTests","school.redrover.ManageJenkinsTest","school.redrover.ManageJenkinsTest","testDeleteNodeFromManageJenkinsPage","testDeleteNodeFromManageJenkinsPage","Delete node from the Manage Jenkins page"
"passed","Mon Aug 07 06:44:37 GMT 2023","Mon Aug 07 06:44:38 GMT 2023","1692","AllTestsSuite","AllTests","school.redrover.MultiConfigurationProjectTest","school.redrover.MultiConfigurationProjectTest","testCreateFromNewItem","testCreateFromNewItem","Verification of creating MultiConfiguration project by clicking +New Item button"
"passed","Mon Aug 07 07:28:05 GMT 2023","Mon Aug 07 07:28:07 GMT 2023","2719","AllTestsSuite","AllTests","school.redrover.BreadcrumbTest","school.redrover.BreadcrumbTest","testNavigateToPipelinePagesFromDropdownOnBreadcrumb","testNavigateToPipelinePagesFromDropdownOnBreadcrumb",""
"passed","Mon Aug 07 07:02:32 GMT 2023","Mon Aug 07 07:02:33 GMT 2023","534","AllTestsSuite","AllTests","school.redrover.DashboardTest","school.redrover.DashboardTest","testAddDescriptionFromMyViewsPage","testAddDescriptionFromMyViewsPage","Verification of adding of a description from My View page"
"passed","Mon Aug 07 07:25:09 GMT 2023","Mon Aug 07 07:25:12 GMT 2023","2160","AllTestsSuite","AllTests","school.redrover.BreadcrumbTest","school.redrover.BreadcrumbTest","testNavigateToManageJenkinsSubsection","testNavigateToManageJenkinsSubsection",""
"passed","Mon Aug 07 07:20:57 GMT 2023","Mon Aug 07 07:20:59 GMT 2023","2133","AllTestsSuite","AllTests","school.redrover.PipelineTest","school.redrover.PipelineTest","testRenameWithInvalidData","testRenameWithInvalidData",""
"passed","Mon Aug 07 06:45:24 GMT 2023","Mon Aug 07 06:45:24 GMT 2023","666","AllTestsSuite","AllTests","school.redrover.MultiConfigurationProjectTest","school.redrover.MultiConfigurationProjectTest","testCreateWithDotInsteadOfName","testCreateWithDotInsteadOfName","Verification of showing error message while creating MultiConfiguration project with dot instead name"
"passed","Mon Aug 07 07:26:40 GMT 2023","Mon Aug 07 07:26:42 GMT 2023","2110","AllTestsSuite","AllTests","school.redrover.BreadcrumbTest","school.redrover.BreadcrumbTest","testNavigateToMultibranchPagesFromDropdownOnBreadcrumb","testNavigateToMultibranchPagesFromDropdownOnBreadcrumb",""
"passed","Mon Aug 07 07:08:50 GMT 2023","Mon Aug 07 07:08:50 GMT 2023","406","AllTestsSuite","AllTests","school.redrover.FolderTest","school.redrover.FolderTest","testCreateUsingInvalidData","testCreateUsingInvalidData",""
"passed","Mon Aug 07 06:54:38 GMT 2023","Mon Aug 07 06:54:40 GMT 2023","1978","AllTestsSuite","AllTests","school.redrover.FreestyleProjectTest","school.redrover.FreestyleProjectTest","testCancelDeletingFromDropDownMenu","testCancelDeletingFromDropDownMenu",""
"passed","Mon Aug 07 07:18:04 GMT 2023","Mon Aug 07 07:18:07 GMT 2023","3026","AllTestsSuite","AllTests","school.redrover.PipelineTest","school.redrover.PipelineTest","testDiscardOldBuildsParams","testDiscardOldBuildsParams",""
"passed","Mon Aug 07 07:00:38 GMT 2023","Mon Aug 07 07:00:41 GMT 2023","2384","AllTestsSuite","AllTests","school.redrover.FreestyleProjectTest","school.redrover.FreestyleProjectTest","testRenameFromSideMenu","testRenameFromSideMenu",""
"passed","Mon Aug 07 06:36:53 GMT 2023","Mon Aug 07 06:36:53 GMT 2023","1","AllTestsSuite","AllTests","school.redrover.runner.order.OrderForTestsTest","school.redrover.runner.order.OrderForTestsTest","orderMethodsNoDepTest","orderMethodsNoDepTest",""
"passed","Mon Aug 07 07:27:37 GMT 2023","Mon Aug 07 07:27:40 GMT 2023","2432","AllTestsSuite","AllTests","school.redrover.BreadcrumbTest","school.redrover.BreadcrumbTest","testNavigateToOrgFolderPagesFromDropdownOnBreadcrumb","testNavigateToOrgFolderPagesFromDropdownOnBreadcrumb",""
"passed","Mon Aug 07 07:27:41 GMT 2023","Mon Aug 07 07:27:44 GMT 2023","2372","AllTestsSuite","AllTests","school.redrover.BreadcrumbTest","school.redrover.BreadcrumbTest","testNavigateToOrgFolderPagesFromDropdownOnBreadcrumb","testNavigateToOrgFolderPagesFromDropdownOnBreadcrumb",""
"passed","Mon Aug 07 07:27:21 GMT 2023","Mon Aug 07 07:27:22 GMT 2023","776","AllTestsSuite","AllTests","school.redrover.BreadcrumbTest","school.redrover.BreadcrumbTest","testNavigateToMyViewsPagesFromDropdownOnBreadcrumb","testNavigateToMyViewsPagesFromDropdownOnBreadcrumb",""
"passed","Mon Aug 07 07:07:24 GMT 2023","Mon Aug 07 07:07:26 GMT 2023","1617","AllTestsSuite","AllTests","school.redrover.FolderTest","school.redrover.FolderTest","testAddDescriptionFromConfigurationPage","testAddDescriptionFromConfigurationPage",""
"passed","Mon Aug 07 07:02:47 GMT 2023","Mon Aug 07 07:02:49 GMT 2023","1651","AllTestsSuite","AllTests","school.redrover.MultibranchPipelineTest","school.redrover.MultibranchPipelineTest","testAccessConfigurationPageFromDropDown","testAccessConfigurationPageFromDropDown",""
"passed","Mon Aug 07 07:10:35 GMT 2023","Mon Aug 07 07:10:38 GMT 2023","3696","AllTestsSuite","AllTests","school.redrover.FolderTest","school.redrover.FolderTest","testMoveJobsToFolderFromSideMenu","testMoveJobsToFolderFromSideMenu",""
"passed","Mon Aug 07 07:26:07 GMT 2023","Mon Aug 07 07:26:09 GMT 2023","2694","AllTestsSuite","AllTests","school.redrover.BreadcrumbTest","school.redrover.BreadcrumbTest","testNavigateToMultiConfigurationPagesFromDropdownOnBreadcrumb","testNavigateToMultiConfigurationPagesFromDropdownOnBreadcrumb",""
"passed","Mon Aug 07 06:39:44 GMT 2023","Mon Aug 07 06:39:45 GMT 2023","643","AllTestsSuite","AllTests","school.redrover.OrganizationFolderTest","school.redrover.OrganizationFolderTest","testCreateUsingInvalidData","testCreateUsingInvalidData",""
"passed","Mon Aug 07 06:38:07 GMT 2023","Mon Aug 07 06:38:07 GMT 2023","325","AllTestsSuite","AllTests","school.redrover.HeaderTest","school.redrover.HeaderTest","testSubMenuUserFromHeader","testSubMenuUserFromHeader",""
"passed","Mon Aug 07 06:56:11 GMT 2023","Mon Aug 07 06:56:18 GMT 2023","7372","AllTestsSuite","AllTests","school.redrover.FreestyleProjectTest","school.redrover.FreestyleProjectTest","testConsoleOutputFromProjectPage","testConsoleOutputFromProjectPage",""
"passed","Mon Aug 07 06:41:06 GMT 2023","Mon Aug 07 06:41:08 GMT 2023","2113","AllTestsSuite","AllTests","school.redrover.OrganizationFolderTest","school.redrover.OrganizationFolderTest","testOrganizationFolderEvents","testOrganizationFolderEvents",""
"passed","Mon Aug 07 06:43:17 GMT 2023","Mon Aug 07 06:43:20 GMT 2023","2459","AllTestsSuite","AllTests","school.redrover.MultiConfigurationProjectTest","school.redrover.MultiConfigurationProjectTest","testBuildNowOptionNotPresentInDisabledProject","testBuildNowOptionNotPresentInDisabledProject","Verification of impossibility to build for disabled MultiConfiguration Project"
"passed","Mon Aug 07 06:40:05 GMT 2023","Mon Aug 07 06:40:05 GMT 2023","438","AllTestsSuite","AllTests","school.redrover.OrganizationFolderTest","school.redrover.OrganizationFolderTest","testCreateUsingInvalidData","testCreateUsingInvalidData",""
"unknown","Mon Aug 07 06:36:53 GMT 2023","Mon Aug 07 06:36:53 GMT 2023","0","AllTestsSuite","AllTests","school.redrover.BuildHistoryTest","school.redrover.BuildHistoryTest","testPresenceProjectNameOnBuildHistoryTimeline","testPresenceProjectNameOnBuildHistoryTimeline",""
"passed","Mon Aug 07 07:26:11 GMT 2023","Mon Aug 07 07:26:14 GMT 2023","3293","AllTestsSuite","AllTests","school.redrover.BreadcrumbTest","school.redrover.BreadcrumbTest","testNavigateToMultiConfigurationPagesFromDropdownOnBreadcrumb","testNavigateToMultiConfigurationPagesFromDropdownOnBreadcrumb",""
"passed","Mon Aug 07 07:25:21 GMT 2023","Mon Aug 07 07:25:23 GMT 2023","2262","AllTestsSuite","AllTests","school.redrover.BreadcrumbTest","school.redrover.BreadcrumbTest","testNavigateToManageJenkinsSubsection","testNavigateToManageJenkinsSubsection",""
"passed","Mon Aug 07 06:48:18 GMT 2023","Mon Aug 07 06:48:20 GMT 2023","2335","AllTestsSuite","AllTests","school.redrover.MultiConfigurationProjectTest","school.redrover.MultiConfigurationProjectTest","testRenameWithInvalidData","testRenameWithInvalidData","Verification of impossibility to rename MultiConfiguration project with unsafe data"
"passed","Mon Aug 07 06:55:03 GMT 2023","Mon Aug 07 06:55:06 GMT 2023","3869","AllTestsSuite","AllTests","school.redrover.FreestyleProjectTest","school.redrover.FreestyleProjectTest","testConfigurePostBuildActionArchiveArtifacts","testConfigurePostBuildActionArchiveArtifacts",""
"passed","Mon Aug 07 06:45:15 GMT 2023","Mon Aug 07 06:45:15 GMT 2023","701","AllTestsSuite","AllTests","school.redrover.MultiConfigurationProjectTest","school.redrover.MultiConfigurationProjectTest","testCreateUsingInvalidData","testCreateUsingInvalidData","Verification of showing error message while creating MultiConfiguration project with name using unsafe characters"
"passed","Mon Aug 07 06:36:53 GMT 2023","Mon Aug 07 06:36:53 GMT 2023","1","AllTestsSuite","AllTests","school.redrover.runner.order.OrderForTestsTest","school.redrover.runner.order.OrderForTestsTest","orderMethodsForkUpDepTest","orderMethodsForkUpDepTest",""
"passed","Mon Aug 07 07:00:50 GMT 2023","Mon Aug 07 07:00:52 GMT 2023","2080","AllTestsSuite","AllTests","school.redrover.FreestyleProjectTest","school.redrover.FreestyleProjectTest","testRenameWithInvalidData","testRenameWithInvalidData",""
"passed","Mon Aug 07 07:21:41 GMT 2023","Mon Aug 07 07:21:45 GMT 2023","3830","AllTestsSuite","AllTests","school.redrover.PipelineTest","school.redrover.PipelineTest","testReplayBuildFromLastBuild","testReplayBuildFromLastBuild",""
"passed","Mon Aug 07 07:22:05 GMT 2023","Mon Aug 07 07:22:09 GMT 2023","3404","AllTestsSuite","AllTests","school.redrover.PipelineTest","school.redrover.PipelineTest","testSortingPipelineProjectAlphabetically","testSortingPipelineProjectAlphabetically",""
"passed","Mon Aug 07 06:43:05 GMT 2023","Mon Aug 07 06:43:07 GMT 2023","2361","AllTestsSuite","AllTests","school.redrover.MultiConfigurationProjectTest","school.redrover.MultiConfigurationProjectTest","testBuildChangesFromDropDown","testBuildChangesFromDropDown","Verification of possibility to build changes of MultiConfiguration project"
"passed","Mon Aug 07 07:00:42 GMT 2023","Mon Aug 07 07:00:44 GMT 2023","2110","AllTestsSuite","AllTests","school.redrover.FreestyleProjectTest","school.redrover.FreestyleProjectTest","testRenameToTheCurrentNameAndGetError","testRenameToTheCurrentNameAndGetError",""
"passed","Mon Aug 07 07:22:57 GMT 2023","Mon Aug 07 07:23:00 GMT 2023","2258","AllTestsSuite","AllTests","school.redrover.BreadcrumbTest","school.redrover.BreadcrumbTest","testNavigateToBuildHistoryPageFromProjectPage","testNavigateToBuildHistoryPageFromProjectPage",""
"passed","Mon Aug 07 06:40:30 GMT 2023","Mon Aug 07 06:40:32 GMT 2023","2028","AllTestsSuite","AllTests","school.redrover.OrganizationFolderTest","school.redrover.OrganizationFolderTest","testCredentials","testCredentials",""
"passed","Mon Aug 07 07:03:39 GMT 2023","Mon Aug 07 07:03:41 GMT 2023","1229","AllTestsSuite","AllTests","school.redrover.MultibranchPipelineTest","school.redrover.MultibranchPipelineTest","testCreateFromPeoplePage","testCreateFromPeoplePage",""
"unknown","Mon Aug 07 06:36:53 GMT 2023","Mon Aug 07 06:36:53 GMT 2023","0","AllTestsSuite","AllTests","school.redrover.ManageJenkinsTest","school.redrover.ManageJenkinsTest","testManageJenkinsEmailNotificationSetUp","testManageJenkinsEmailNotificationSetUp","Set up email notification in the 'Manage Jenkins' menu"
"passed","Mon Aug 07 06:41:20 GMT 2023","Mon Aug 07 06:41:22 GMT 2023","2141","AllTestsSuite","AllTests","school.redrover.OrganizationFolderTest","school.redrover.OrganizationFolderTest","testRenameFromSideMenu","testRenameFromSideMenu",""
"passed","Mon Aug 07 06:44:43 GMT 2023","Mon Aug 07 06:44:44 GMT 2023","692","AllTestsSuite","AllTests","school.redrover.MultiConfigurationProjectTest","school.redrover.MultiConfigurationProjectTest","testCreateUsingInvalidData","testCreateUsingInvalidData","Verification of showing error message while creating MultiConfiguration project with name using unsafe characters"
"passed","Mon Aug 07 07:16:47 GMT 2023","Mon Aug 07 07:16:48 GMT 2023","410","AllTestsSuite","AllTests","school.redrover.PipelineTest","school.redrover.PipelineTest","testCreateUsingInvalidDate","testCreateUsingInvalidDate",""
"passed","Mon Aug 07 06:46:19 GMT 2023","Mon Aug 07 06:46:21 GMT 2023","2195","AllTestsSuite","AllTests","school.redrover.MultiConfigurationProjectTest","school.redrover.MultiConfigurationProjectTest","testDisableFromProjectPage","testDisableFromProjectPage","Verification of possibility to disable MultiConfiguration Project from Project Page"
"passed","Mon Aug 07 07:05:42 GMT 2023","Mon Aug 07 07:05:44 GMT 2023","1890","AllTestsSuite","AllTests","school.redrover.MultibranchPipelineTest","school.redrover.MultibranchPipelineTest","testRenameFromSideMenu","testRenameFromSideMenu",""
"passed","Mon Aug 07 07:12:23 GMT 2023","Mon Aug 07 07:12:24 GMT 2023","1709","AllTestsSuite","AllTests","school.redrover.FolderTest","school.redrover.FolderTest","testRenameWithInvalidData","testRenameWithInvalidData",""
"passed","Mon Aug 07 07:29:32 GMT 2023","Mon Aug 07 07:29:32 GMT 2023","478","AllTestsSuite","AllTests","school.redrover.BreadcrumbTest","school.redrover.BreadcrumbTest","testReturnToDashboardPageFromManageJenkinsPage","testReturnToDashboardPageFromManageJenkinsPage",""
"passed","Mon Aug 07 06:52:03 GMT 2023","Mon Aug 07 06:52:04 GMT 2023","718","AllTestsSuite","AllTests","school.redrover.UsersTest","school.redrover.UsersTest","testPreviewDescriptionFromUserPage","testPreviewDescriptionFromUserPage",""
"passed","Mon Aug 07 07:02:36 GMT 2023","Mon Aug 07 07:02:39 GMT 2023","2269","AllTestsSuite","AllTests","school.redrover.DashboardTest","school.redrover.DashboardTest","testDashboardTableSize","testDashboardTableSize","Verify of the dashboard table size"
"unknown","Mon Aug 07 06:36:53 GMT 2023","Mon Aug 07 06:36:53 GMT 2023","0","AllTestsSuite","AllTests","school.redrover.HeaderTest","school.redrover.HeaderTest","testSecurityPopUpClickManageJenkinsLink","testSecurityPopUpClickManageJenkinsLink",""
"passed","Mon Aug 07 07:30:46 GMT 2023","Mon Aug 07 07:30:50 GMT 2023","3248","AllTestsSuite","AllTests","school.redrover.ViewsTest","school.redrover.ViewsTest","testCancelDeletingFromViewPage","testCancelDeletingFromViewPage",""
"passed","Mon Aug 07 07:14:46 GMT 2023","Mon Aug 07 07:14:50 GMT 2023","3584","AllTestsSuite","AllTests","school.redrover.PipelineTest","school.redrover.PipelineTest","testAddingAProjectOnGithubToThePipelineProject","testAddingAProjectOnGithubToThePipelineProject",""
"passed","Mon Aug 07 07:22:36 GMT 2023","Mon Aug 07 07:22:39 GMT 2023","2597","AllTestsSuite","AllTests","school.redrover.BreadcrumbTest","school.redrover.BreadcrumbTest","testDeleteNavigateToMultiConfigurationPagesFromDropdownOnBreadcrumb","testDeleteNavigateToMultiConfigurationPagesFromDropdownOnBreadcrumb",""
"passed","Mon Aug 07 07:29:43 GMT 2023","Mon Aug 07 07:29:45 GMT 2023","1327","AllTestsSuite","AllTests","school.redrover.BreadcrumbTest","school.redrover.BreadcrumbTest","testReturnToDashboardPageFromProjectPage","testReturnToDashboardPageFromProjectPage",""
"passed","Mon Aug 07 07:05:45 GMT 2023","Mon Aug 07 07:05:47 GMT 2023","1821","AllTestsSuite","AllTests","school.redrover.MultibranchPipelineTest","school.redrover.MultibranchPipelineTest","testRenameToTheCurrentNameAndGetError","testRenameToTheCurrentNameAndGetError",""
"passed","Mon Aug 07 06:45:34 GMT 2023","Mon Aug 07 06:45:37 GMT 2023","2039","AllTestsSuite","AllTests","school.redrover.MultiConfigurationProjectTest","school.redrover.MultiConfigurationProjectTest","testCreateWithSpaceInsteadOfName","testCreateWithSpaceInsteadOfName","Verification of showing error message on Error Page while creating MultiConfiguration project with space instead name"
"passed","Mon Aug 07 06:45:28 GMT 2023","Mon Aug 07 06:45:30 GMT 2023","1946","AllTestsSuite","AllTests","school.redrover.MultiConfigurationProjectTest","school.redrover.MultiConfigurationProjectTest","testCreateWithExistingName","testCreateWithExistingName","Verification of showing error message while creating MultiConfiguration project with existing name"
"passed","Mon Aug 07 07:27:30 GMT 2023","Mon Aug 07 07:27:32 GMT 2023","1264","AllTestsSuite","AllTests","school.redrover.BreadcrumbTest","school.redrover.BreadcrumbTest","testNavigateToNewItemPageFromMyViewsPage","testNavigateToNewItemPageFromMyViewsPage",""
"passed","Mon Aug 07 07:10:20 GMT 2023","Mon Aug 07 07:10:23 GMT 2023","2999","AllTestsSuite","AllTests","school.redrover.FolderTest","school.redrover.FolderTest","testMoveJobToFolderFromDropDownMenu","testMoveJobToFolderFromDropDownMenu",""
"passed","Mon Aug 07 07:08:45 GMT 2023","Mon Aug 07 07:08:46 GMT 2023","693","AllTestsSuite","AllTests","school.redrover.FolderTest","school.redrover.FolderTest","testCreateUsingInvalidData","testCreateUsingInvalidData",""
"passed","Mon Aug 07 06:39:06 GMT 2023","Mon Aug 07 06:39:08 GMT 2023","1787","AllTestsSuite","AllTests","school.redrover.OrganizationFolderTest","school.redrover.OrganizationFolderTest","testCancelDeletingFromSideMenu","testCancelDeletingFromSideMenu",""
"passed","Mon Aug 07 07:27:05 GMT 2023","Mon Aug 07 07:27:08 GMT 2023","3010","AllTestsSuite","AllTests","school.redrover.BreadcrumbTest","school.redrover.BreadcrumbTest","testNavigateToMyViewsPageFromConfigurationPage","testNavigateToMyViewsPageFromConfigurationPage",""
"passed","Mon Aug 07 07:07:49 GMT 2023","Mon Aug 07 07:07:51 GMT 2023","1401","AllTestsSuite","AllTests","school.redrover.FolderTest","school.redrover.FolderTest","testCancelDeletingFromDropDownMenu","testCancelDeletingFromDropDownMenu",""
"passed","Mon Aug 07 07:29:34 GMT 2023","Mon Aug 07 07:29:34 GMT 2023","379","AllTestsSuite","AllTests","school.redrover.BreadcrumbTest","school.redrover.BreadcrumbTest","testReturnToDashboardPageFromMyViewsPage","testReturnToDashboardPageFromMyViewsPage",""
"passed","Mon Aug 07 07:18:18 GMT 2023","Mon Aug 07 07:18:20 GMT 2023","2048","AllTestsSuite","AllTests","school.redrover.PipelineTest","school.redrover.PipelineTest","testEditBuildInformationFromDropDown","testEditBuildInformationFromDropDown",""
"passed","Mon Aug 07 06:57:14 GMT 2023","Mon Aug 07 06:57:15 GMT 2023","424","AllTestsSuite","AllTests","school.redrover.FreestyleProjectTest","school.redrover.FreestyleProjectTest","testCreateUsingInvalidData","testCreateUsingInvalidData",""
"passed","Mon Aug 07 07:19:34 GMT 2023","Mon Aug 07 07:19:42 GMT 2023","7927","AllTestsSuite","AllTests","school.redrover.PipelineTest","school.redrover.PipelineTest","testPipelineStepsBuildFromLastBuild","testPipelineStepsBuildFromLastBuild",""
"passed","Mon Aug 07 06:47:46 GMT 2023","Mon Aug 07 06:47:48 GMT 2023","2242","AllTestsSuite","AllTests","school.redrover.MultiConfigurationProjectTest","school.redrover.MultiConfigurationProjectTest","testRenameWithInvalidData","testRenameWithInvalidData","Verification of impossibility to rename MultiConfiguration project with unsafe data"
"passed","Mon Aug 07 07:11:34 GMT 2023","Mon Aug 07 07:11:36 GMT 2023","1900","AllTestsSuite","AllTests","school.redrover.FolderTest","school.redrover.FolderTest","testRenameWithInvalidData","testRenameWithInvalidData",""
"passed","Mon Aug 07 07:32:29 GMT 2023","Mon Aug 07 07:32:33 GMT 2023","3789","AllTestsSuite","AllTests","school.redrover.ViewsTest","school.redrover.ViewsTest","testRenameViewTypes","testRenameViewTypes",""
"passed","Mon Aug 07 07:29:01 GMT 2023","Mon Aug 07 07:29:03 GMT 2023","2227","AllTestsSuite","AllTests","school.redrover.BreadcrumbTest","school.redrover.BreadcrumbTest","testPipelineSyntaxNavigateToOrgFolderPagesFromDropdownOnBreadcrumb","testPipelineSyntaxNavigateToOrgFolderPagesFromDropdownOnBreadcrumb",""
"passed","Mon Aug 07 07:16:24 GMT 2023","Mon Aug 07 07:16:26 GMT 2023","1481","AllTestsSuite","AllTests","school.redrover.PipelineTest","school.redrover.PipelineTest","testCreateFromPeoplePage","testCreateFromPeoplePage",""
"passed","Mon Aug 07 07:07:22 GMT 2023","Mon Aug 07 07:07:23 GMT 2023","1075","AllTestsSuite","AllTests","school.redrover.FolderTest","school.redrover.FolderTest","testAccessConfigurationPageFromSideMenu","testAccessConfigurationPageFromSideMenu",""
"passed","Mon Aug 07 06:39:03 GMT 2023","Mon Aug 07 06:39:05 GMT 2023","1888","AllTestsSuite","AllTests","school.redrover.OrganizationFolderTest","school.redrover.OrganizationFolderTest","testCancelDeletingFromDropDownMenu","testCancelDeletingFromDropDownMenu",""
"passed","Mon Aug 07 07:15:04 GMT 2023","Mon Aug 07 07:15:07 GMT 2023","2216","AllTestsSuite","AllTests","school.redrover.PipelineTest","school.redrover.PipelineTest","testBuildChangesFromProjectPage","testBuildChangesFromProjectPage",""
"passed","Mon Aug 07 07:30:12 GMT 2023","Mon Aug 07 07:30:15 GMT 2023","3192","AllTestsSuite","AllTests","school.redrover.ViewsTest","school.redrover.ViewsTest","testAddDescription","testAddDescription",""
"passed","Mon Aug 07 06:39:56 GMT 2023","Mon Aug 07 06:39:56 GMT 2023","451","AllTestsSuite","AllTests","school.redrover.OrganizationFolderTest","school.redrover.OrganizationFolderTest","testCreateUsingInvalidData","testCreateUsingInvalidData",""
"passed","Mon Aug 07 07:25:51 GMT 2023","Mon Aug 07 07:25:53 GMT 2023","1912","AllTestsSuite","AllTests","school.redrover.BreadcrumbTest","school.redrover.BreadcrumbTest","testNavigateToManageJenkinsSubsection","testNavigateToManageJenkinsSubsection",""
"passed","Mon Aug 07 06:45:10 GMT 2023","Mon Aug 07 06:45:11 GMT 2023","444","AllTestsSuite","AllTests","school.redrover.MultiConfigurationProjectTest","school.redrover.MultiConfigurationProjectTest","testCreateUsingInvalidData","testCreateUsingInvalidData","Verification of showing error message while creating MultiConfiguration project with name using unsafe characters"
"passed","Mon Aug 07 07:10:40 GMT 2023","Mon Aug 07 07:10:44 GMT 2023","3501","AllTestsSuite","AllTests","school.redrover.FolderTest","school.redrover.FolderTest","testMoveJobsToFolderFromSideMenu","testMoveJobsToFolderFromSideMenu",""
"passed","Mon Aug 07 06:38:25 GMT 2023","Mon Aug 07 06:38:26 GMT 2023","934","AllTestsSuite","AllTests","school.redrover.ConfigureGlobalSecurityTest","school.redrover.ConfigureGlobalSecurityTest","testHostKeyVerificationStrategyDropdownMenuOptions","testHostKeyVerificationStrategyDropdownMenuOptions",""
"passed","Mon Aug 07 07:13:50 GMT 2023","Mon Aug 07 07:13:52 GMT 2023","1510","AllTestsSuite","AllTests","school.redrover.ManageJenkinsTest","school.redrover.ManageJenkinsTest","testSearchWithLetterConfigureSystem","testSearchWithLetterConfigureSystem","Navigate to the configure system page by search menu using one letter"
"passed","Mon Aug 07 07:26:52 GMT 2023","Mon Aug 07 07:26:54 GMT 2023","2469","AllTestsSuite","AllTests","school.redrover.BreadcrumbTest","school.redrover.BreadcrumbTest","testNavigateToMultibranchPagesFromDropdownOnBreadcrumb","testNavigateToMultibranchPagesFromDropdownOnBreadcrumb",""
"passed","Mon Aug 07 06:43:55 GMT 2023","Mon Aug 07 06:44:02 GMT 2023","7434","AllTestsSuite","AllTests","school.redrover.MultiConfigurationProjectTest","school.redrover.MultiConfigurationProjectTest","testConsoleOutputFromProjectPage","testConsoleOutputFromProjectPage","Verification of possibility to make console output from MultiConfiguration Project Page"
"passed","Mon Aug 07 06:38:43 GMT 2023","Mon Aug 07 06:38:45 GMT 2023","2451","AllTestsSuite","AllTests","school.redrover.OrganizationFolderTest","school.redrover.OrganizationFolderTest","testAddDescriptionFromConfigurationPage","testAddDescriptionFromConfigurationPage",""
"passed","Mon Aug 07 06:41:38 GMT 2023","Mon Aug 07 06:41:40 GMT 2023","2243","AllTestsSuite","AllTests","school.redrover.OrganizationFolderTest","school.redrover.OrganizationFolderTest","testRenameWithInvalidData","testRenameWithInvalidData",""
"passed","Mon Aug 07 07:02:51 GMT 2023","Mon Aug 07 07:02:53 GMT 2023","1755","AllTestsSuite","AllTests","school.redrover.MultibranchPipelineTest","school.redrover.MultibranchPipelineTest","testAccessConfigurationPageFromSideMenu","testAccessConfigurationPageFromSideMenu",""
"passed","Mon Aug 07 07:06:42 GMT 2023","Mon Aug 07 07:06:44 GMT 2023","2324","AllTestsSuite","AllTests","school.redrover.BuildHistoryTest","school.redrover.BuildHistoryTest","testAddDescriptionToBuild","testAddDescriptionToBuild",""
"passed","Mon Aug 07 07:19:25 GMT 2023","Mon Aug 07 07:19:32 GMT 2023","7571","AllTestsSuite","AllTests","school.redrover.PipelineTest","school.redrover.PipelineTest","testPipelineStepsBuildFromDropDown","testPipelineStepsBuildFromDropDown",""
"passed","Mon Aug 07 07:21:28 GMT 2023","Mon Aug 07 07:21:30 GMT 2023","2421","AllTestsSuite","AllTests","school.redrover.PipelineTest","school.redrover.PipelineTest","testRenameWithInvalidData","testRenameWithInvalidData",""
"passed","Mon Aug 07 07:31:49 GMT 2023","Mon Aug 07 07:31:51 GMT 2023","2441","AllTestsSuite","AllTests","school.redrover.ViewsTest","school.redrover.ViewsTest","testDeleteViewFromConfigureOfMyViewsPage","testDeleteViewFromConfigureOfMyViewsPage",""
"passed","Mon Aug 07 07:14:07 GMT 2023","Mon Aug 07 07:14:10 GMT 2023","2663","AllTestsSuite","AllTests","school.redrover.PipelineTest","school.redrover.PipelineTest","testAddBooleanParameter","testAddBooleanParameter",""
"passed","Mon Aug 07 07:29:55 GMT 2023","Mon Aug 07 07:29:56 GMT 2023","1280","AllTestsSuite","AllTests","school.redrover.BreadcrumbTest","school.redrover.BreadcrumbTest","testReturnToDashboardPageFromProjectPage","testReturnToDashboardPageFromProjectPage",""
"passed","Mon Aug 07 06:52:20 GMT 2023","Mon Aug 07 06:52:22 GMT 2023","1815","AllTestsSuite","AllTests","school.redrover.FreestyleProjectTest","school.redrover.FreestyleProjectTest","testAccessConfigurationPageFromDashboard","testAccessConfigurationPageFromDashboard",""
"passed","Mon Aug 07 07:31:07 GMT 2023","Mon Aug 07 07:31:09 GMT 2023","2394","AllTestsSuite","AllTests","school.redrover.ViewsTest","school.redrover.ViewsTest","testCreateMyViewTypes","testCreateMyViewTypes",""
"passed","Mon Aug 07 06:42:37 GMT 2023","Mon Aug 07 06:42:45 GMT 2023","7798","AllTestsSuite","AllTests","school.redrover.MultiConfigurationProjectTest","school.redrover.MultiConfigurationProjectTest","testAddDescriptionFromEditInformationPage","testAddDescriptionFromEditInformationPage",""
"passed","Mon Aug 07 07:13:37 GMT 2023","Mon Aug 07 07:13:37 GMT 2023","584","AllTestsSuite","AllTests","school.redrover.ManageJenkinsTest","school.redrover.ManageJenkinsTest","testSearchSettingsItemsByKeyword","testSearchSettingsItemsByKeyword","Verify access search field using keywords"
"passed","Mon Aug 07 06:59:50 GMT 2023","Mon Aug 07 06:59:57 GMT 2023","6876","AllTestsSuite","AllTests","school.redrover.FreestyleProjectTest","school.redrover.FreestyleProjectTest","testNavigateToWorkspaceFromProjectPage","testNavigateToWorkspaceFromProjectPage",""
"passed","Mon Aug 07 07:23:21 GMT 2023","Mon Aug 07 07:23:23 GMT 2023","2091","AllTestsSuite","AllTests","school.redrover.BreadcrumbTest","school.redrover.BreadcrumbTest","testNavigateToFolderPagesFromDropdownOnBreadcrumb","testNavigateToFolderPagesFromDropdownOnBreadcrumb",""
"passed","Mon Aug 07 07:31:28 GMT 2023","Mon Aug 07 07:31:30 GMT 2023","2211","AllTestsSuite","AllTests","school.redrover.ViewsTest","school.redrover.ViewsTest","testCreateViewTypes","testCreateViewTypes",""
"passed","Mon Aug 07 07:06:59 GMT 2023","Mon Aug 07 07:07:17 GMT 2023","18217","AllTestsSuite","AllTests","school.redrover.BuildHistoryTest","school.redrover.BuildHistoryTest","testDeleteBuild","testDeleteBuild",""
"passed","Mon Aug 07 07:29:52 GMT 2023","Mon Aug 07 07:29:53 GMT 2023","1017","AllTestsSuite","AllTests","school.redrover.BreadcrumbTest","school.redrover.BreadcrumbTest","testReturnToDashboardPageFromProjectPage","testReturnToDashboardPageFromProjectPage",""
"passed","Mon Aug 07 07:13:18 GMT 2023","Mon Aug 07 07:13:19 GMT 2023","965","AllTestsSuite","AllTests","school.redrover.ManageJenkinsTest","school.redrover.ManageJenkinsTest","testNavigateToManageJenkinsFromMainPageUsingDashboard","testNavigateToManageJenkinsFromMainPageUsingDashboard","Navigate to 'Manage Jenkins' menu from main page using dashboard"
"passed","Mon Aug 07 07:13:34 GMT 2023","Mon Aug 07 07:13:35 GMT 2023","816","AllTestsSuite","AllTests","school.redrover.ManageJenkinsTest","school.redrover.ManageJenkinsTest","testSearchSettingsItemsByKeyword","testSearchSettingsItemsByKeyword","Verify access search field using keywords"
"passed","Mon Aug 07 07:03:59 GMT 2023","Mon Aug 07 07:04:00 GMT 2023","401","AllTestsSuite","AllTests","school.redrover.MultibranchPipelineTest","school.redrover.MultibranchPipelineTest","testCreateUsingInvalidData","testCreateUsingInvalidData",""
"passed","Mon Aug 07 07:17:16 GMT 2023","Mon Aug 07 07:17:17 GMT 2023","1282","AllTestsSuite","AllTests","school.redrover.PipelineTest","school.redrover.PipelineTest","testCreatingBasicPipelineProjectThroughJenkinsUI","testCreatingBasicPipelineProjectThroughJenkinsUI",""
"passed","Mon Aug 07 07:13:20 GMT 2023","Mon Aug 07 07:13:21 GMT 2023","782","AllTestsSuite","AllTests","school.redrover.ManageJenkinsTest","school.redrover.ManageJenkinsTest","testSearchNumericSymbol","testSearchNumericSymbol","Check search field using numeric symbol"
"passed","Mon Aug 07 07:05:48 GMT 2023","Mon Aug 07 07:05:51 GMT 2023","2079","AllTestsSuite","AllTests","school.redrover.MultibranchPipelineTest","school.redrover.MultibranchPipelineTest","testRenameWithInvalidData","testRenameWithInvalidData",""
"passed","Mon Aug 07 07:03:57 GMT 2023","Mon Aug 07 07:03:58 GMT 2023","624","AllTestsSuite","AllTests","school.redrover.MultibranchPipelineTest","school.redrover.MultibranchPipelineTest","testCreateUsingInvalidData","testCreateUsingInvalidData",""
"passed","Mon Aug 07 07:03:23 GMT 2023","Mon Aug 07 07:03:24 GMT 2023","1101","AllTestsSuite","AllTests","school.redrover.MultibranchPipelineTest","school.redrover.MultibranchPipelineTest","testCreateFromBuildHistoryPage","testCreateFromBuildHistoryPage",""
"passed","Mon Aug 07 06:44:34 GMT 2023","Mon Aug 07 06:44:35 GMT 2023","1473","AllTestsSuite","AllTests","school.redrover.MultiConfigurationProjectTest","school.redrover.MultiConfigurationProjectTest","testCreateFromMyViewsNewItem","testCreateFromMyViewsNewItem","Verification of creating MultiConfiguration project by clicking +New Item button from My Views Page"
"passed","Mon Aug 07 07:31:11 GMT 2023","Mon Aug 07 07:31:14 GMT 2023","2345","AllTestsSuite","AllTests","school.redrover.ViewsTest","school.redrover.ViewsTest","testCreateMyViewTypes","testCreateMyViewTypes",""
"passed","Mon Aug 07 07:09:05 GMT 2023","Mon Aug 07 07:09:05 GMT 2023","648","AllTestsSuite","AllTests","school.redrover.FolderTest","school.redrover.FolderTest","testCreateWithDotInsteadOfName","testCreateWithDotInsteadOfName",""
"passed","Mon Aug 07 06:51:34 GMT 2023","Mon Aug 07 06:51:37 GMT 2023","2328","AllTestsSuite","AllTests","school.redrover.UsersTest","school.redrover.UsersTest","testNavigateToPageFromSideMenuOnConfigure","testNavigateToPageFromSideMenuOnConfigure",""
"passed","Mon Aug 07 06:43:50 GMT 2023","Mon Aug 07 06:43:53 GMT 2023","2886","AllTestsSuite","AllTests","school.redrover.MultiConfigurationProjectTest","school.redrover.MultiConfigurationProjectTest","testConsoleOutputFromLastBuild","testConsoleOutputFromLastBuild","Verification of possibility to make console output from last build of MultiConfiguration project"
"passed","Mon Aug 07 07:23:09 GMT 2023","Mon Aug 07 07:23:11 GMT 2023","2101","AllTestsSuite","AllTests","school.redrover.BreadcrumbTest","school.redrover.BreadcrumbTest","testNavigateToDeleteOrgFolderPagesFromDropdownOnBreadcrumb","testNavigateToDeleteOrgFolderPagesFromDropdownOnBreadcrumb",""
"passed","Mon Aug 07 07:30:51 GMT 2023","Mon Aug 07 07:30:54 GMT 2023","3168","AllTestsSuite","AllTests","school.redrover.ViewsTest","school.redrover.ViewsTest","testCancelDeletingFromViewPage","testCancelDeletingFromViewPage",""
"passed","Mon Aug 07 06:47:09 GMT 2023","Mon Aug 07 06:47:16 GMT 2023","7026","AllTestsSuite","AllTests","school.redrover.MultiConfigurationProjectTest","school.redrover.MultiConfigurationProjectTest","testPreviewDescriptionFromBuildPage","testPreviewDescriptionFromBuildPage","Verification of presence of preview description for build of MultiConfiguration project"
"passed","Mon Aug 07 07:08:10 GMT 2023","Mon Aug 07 07:08:11 GMT 2023","1228","AllTestsSuite","AllTests","school.redrover.FolderTest","school.redrover.FolderTest","testCreateFromNewItem","testCreateFromNewItem",""
"passed","Mon Aug 07 07:14:00 GMT 2023","Mon Aug 07 07:14:02 GMT 2023","1864","AllTestsSuite","AllTests","school.redrover.PipelineTest","school.redrover.PipelineTest","testAccessConfigurationPageFromDropDown","testAccessConfigurationPageFromDropDown",""
"passed","Mon Aug 07 07:06:55 GMT 2023","Mon Aug 07 07:06:57 GMT 2023","2321","AllTestsSuite","AllTests","school.redrover.BuildHistoryTest","school.redrover.BuildHistoryTest","testConsoleOutputFreestyleBuildStatus","testConsoleOutputFreestyleBuildStatus",""
"passed","Mon Aug 07 07:29:18 GMT 2023","Mon Aug 07 07:29:20 GMT 2023","2069","AllTestsSuite","AllTests","school.redrover.BreadcrumbTest","school.redrover.BreadcrumbTest","testReturnToDashboardPageFromConfigurationPage","testReturnToDashboardPageFromConfigurationPage",""
"passed","Mon Aug 07 06:56:30 GMT 2023","Mon Aug 07 06:56:37 GMT 2023","7160","AllTestsSuite","AllTests","school.redrover.FreestyleProjectTest","school.redrover.FreestyleProjectTest","testCreateBuildNowFromSideMenu","testCreateBuildNowFromSideMenu",""
"passed","Mon Aug 07 06:37:00 GMT 2023","Mon Aug 07 06:37:00 GMT 2023","343","AllTestsSuite","AllTests","school.redrover.HeaderTest","school.redrover.HeaderTest","testHeaderLogoIconPresent","testHeaderLogoIconPresent",""
"passed","Mon Aug 07 07:06:24 GMT 2023","Mon Aug 07 07:06:27 GMT 2023","2141","AllTestsSuite","AllTests","school.redrover.MultibranchPipelineTest","school.redrover.MultibranchPipelineTest","testRenameWithInvalidData","testRenameWithInvalidData",""
"passed","Mon Aug 07 06:40:17 GMT 2023","Mon Aug 07 06:40:19 GMT 2023","1939","AllTestsSuite","AllTests","school.redrover.OrganizationFolderTest","school.redrover.OrganizationFolderTest","testCreateWithExistingName","testCreateWithExistingName",""
"passed","Mon Aug 07 06:38:11 GMT 2023","Mon Aug 07 06:38:11 GMT 2023","278","AllTestsSuite","AllTests","school.redrover.HeaderTest","school.redrover.HeaderTest","testUserPageFromUserButton","testUserPageFromUserButton",""
"passed","Mon Aug 07 06:39:30 GMT 2023","Mon Aug 07 06:39:33 GMT 2023","2340","AllTestsSuite","AllTests","school.redrover.OrganizationFolderTest","school.redrover.OrganizationFolderTest","testCreateFromMyViewsNewItem","testCreateFromMyViewsNewItem",""
"passed","Mon Aug 07 07:02:58 GMT 2023","Mon Aug 07 07:03:01 GMT 2023","2329","AllTestsSuite","AllTests","school.redrover.MultibranchPipelineTest","school.redrover.MultibranchPipelineTest","testAddDisplayName","testAddDisplayName",""
"passed","Mon Aug 07 07:28:42 GMT 2023","Mon Aug 07 07:28:44 GMT 2023","2166","AllTestsSuite","AllTests","school.redrover.BreadcrumbTest","school.redrover.BreadcrumbTest","testNavigateToSubMenuUserFromDropDownOnBreadcrumb","testNavigateToSubMenuUserFromDropDownOnBreadcrumb",""
"passed","Mon Aug 07 06:40:09 GMT 2023","Mon Aug 07 06:40:09 GMT 2023","431","AllTestsSuite","AllTests","school.redrover.OrganizationFolderTest","school.redrover.OrganizationFolderTest","testCreateUsingInvalidData","testCreateUsingInvalidData",""
"passed","Mon Aug 07 07:12:57 GMT 2023","Mon Aug 07 07:12:59 GMT 2023","1894","AllTestsSuite","AllTests","school.redrover.ManageJenkinsTest","school.redrover.ManageJenkinsTest","testDeleteNodeBySideMenuOnNodePage","testDeleteNodeBySideMenuOnNodePage","Delete node by side menu on the nodes page"
"passed","Mon Aug 07 06:48:10 GMT 2023","Mon Aug 07 06:48:12 GMT 2023","2103","AllTestsSuite","AllTests","school.redrover.MultiConfigurationProjectTest","school.redrover.MultiConfigurationProjectTest","testRenameWithInvalidData","testRenameWithInvalidData","Verification of impossibility to rename MultiConfiguration project with unsafe data"
"passed","Mon Aug 07 07:29:28 GMT 2023","Mon Aug 07 07:29:30 GMT 2023","1790","AllTestsSuite","AllTests","school.redrover.BreadcrumbTest","school.redrover.BreadcrumbTest","testReturnToDashboardPageFromConfigurationPage","testReturnToDashboardPageFromConfigurationPage",""
"passed","Mon Aug 07 06:46:01 GMT 2023","Mon Aug 07 06:46:03 GMT 2023","2241","AllTestsSuite","AllTests","school.redrover.MultiConfigurationProjectTest","school.redrover.MultiConfigurationProjectTest","testDeleteItemFromSideMenu","testDeleteItemFromSideMenu","Verification of possibility to delete MultiConfiguration Project from side menu"
"passed","Mon Aug 07 07:12:05 GMT 2023","Mon Aug 07 07:12:07 GMT 2023","1888","AllTestsSuite","AllTests","school.redrover.FolderTest","school.redrover.FolderTest","testRenameWithInvalidData","testRenameWithInvalidData",""
"passed","Mon Aug 07 06:50:56 GMT 2023","Mon Aug 07 06:50:59 GMT 2023","3258","AllTestsSuite","AllTests","school.redrover.UsersTest","school.redrover.UsersTest","testNavigateToPageFromDropDownOnUsersPage","testNavigateToPageFromDropDownOnUsersPage",""
"passed","Mon Aug 07 06:54:46 GMT 2023","Mon Aug 07 06:55:01 GMT 2023","14603","AllTestsSuite","AllTests","school.redrover.FreestyleProjectTest","school.redrover.FreestyleProjectTest","testConfigureBuildTriggersBuildAfterOtherProjectsAreBuilt","testConfigureBuildTriggersBuildAfterOtherProjectsAreBuilt",""
"passed","Mon Aug 07 07:22:26 GMT 2023","Mon Aug 07 07:22:28 GMT 2023","2860","AllTestsSuite","AllTests","school.redrover.BreadcrumbTest","school.redrover.BreadcrumbTest","testBuildNowPipelineJobFromDropDownByBreadcrumb","testBuildNowPipelineJobFromDropDownByBreadcrumb",""
"passed","Mon Aug 07 07:13:11 GMT 2023","Mon Aug 07 07:13:12 GMT 2023","1397","AllTestsSuite","AllTests","school.redrover.ManageJenkinsTest","school.redrover.ManageJenkinsTest","testNameNewNodeOnCreatePage","testNameNewNodeOnCreatePage","Verify the name of new node is displayed"
"passed","Mon Aug 07 06:44:52 GMT 2023","Mon Aug 07 06:44:53 GMT 2023","693","AllTestsSuite","AllTests","school.redrover.MultiConfigurationProjectTest","school.redrover.MultiConfigurationProjectTest","testCreateUsingInvalidData","testCreateUsingInvalidData","Verification of showing error message while creating MultiConfiguration project with name using unsafe characters"
"passed","Mon Aug 07 06:37:44 GMT 2023","Mon Aug 07 06:37:45 GMT 2023","386","AllTestsSuite","AllTests","school.redrover.HeaderTest","school.redrover.HeaderTest","testReturnToDashboardFromSideMenuPages","testReturnToDashboardFromSideMenuPages",""
"passed","Mon Aug 07 06:41:09 GMT 2023","Mon Aug 07 06:41:12 GMT 2023","2189","AllTestsSuite","AllTests","school.redrover.OrganizationFolderTest","school.redrover.OrganizationFolderTest","testPreviewDescriptionFromConfigurationPage","testPreviewDescriptionFromConfigurationPage",""
"passed","Mon Aug 07 06:40:00 GMT 2023","Mon Aug 07 06:40:00 GMT 2023","673","AllTestsSuite","AllTests","school.redrover.OrganizationFolderTest","school.redrover.OrganizationFolderTest","testCreateUsingInvalidData","testCreateUsingInvalidData",""
"passed","Mon Aug 07 07:17:44 GMT 2023","Mon Aug 07 07:17:46 GMT 2023","1875","AllTestsSuite","AllTests","school.redrover.PipelineTest","school.redrover.PipelineTest","testDeleteItemFromSideMenu","testDeleteItemFromSideMenu",""
"passed","Mon Aug 07 07:06:46 GMT 2023","Mon Aug 07 07:06:53 GMT 2023","7186","AllTestsSuite","AllTests","school.redrover.BuildHistoryTest","school.redrover.BuildHistoryTest","testConsoleOutputFreestyleBuildStartedByUser","testConsoleOutputFreestyleBuildStartedByUser",""
"passed","Mon Aug 07 06:58:42 GMT 2023","Mon Aug 07 06:58:45 GMT 2023","3316","AllTestsSuite","AllTests","school.redrover.FreestyleProjectTest","school.redrover.FreestyleProjectTest","testEditBuildInformationFromBuildPage","testEditBuildInformationFromBuildPage",""
"passed","Mon Aug 07 06:52:44 GMT 2023","Mon Aug 07 06:52:48 GMT 2023","3959","AllTestsSuite","AllTests","school.redrover.FreestyleProjectTest","school.redrover.FreestyleProjectTest","testAddChoiceParameter","testAddChoiceParameter",""
"passed","Mon Aug 07 06:49:54 GMT 2023","Mon Aug 07 06:49:56 GMT 2023","2189","AllTestsSuite","AllTests","school.redrover.UsersTest","school.redrover.UsersTest","testEditDescriptionToUserOnUserStatusPage","testEditDescriptionToUserOnUserStatusPage",""
"passed","Mon Aug 07 07:27:23 GMT 2023","Mon Aug 07 07:27:24 GMT 2023","906","AllTestsSuite","AllTests","school.redrover.BreadcrumbTest","school.redrover.BreadcrumbTest","testNavigateToMyViewsPagesFromDropdownOnBreadcrumb","testNavigateToMyViewsPagesFromDropdownOnBreadcrumb",""
"passed","Mon Aug 07 06:43:29 GMT 2023","Mon Aug 07 06:43:31 GMT 2023","2436","AllTestsSuite","AllTests","school.redrover.MultiConfigurationProjectTest","school.redrover.MultiConfigurationProjectTest","testCheckDisableIconOnDashboard","testCheckDisableIconOnDashboard","Verification of disabled icon of MultiConfiguration Project on Dashboard"
"passed","Mon Aug 07 07:17:41 GMT 2023","Mon Aug 07 07:17:42 GMT 2023","1600","AllTestsSuite","AllTests","school.redrover.PipelineTest","school.redrover.PipelineTest","testDeleteItemFromDropDown","testDeleteItemFromDropDown",""
"passed","Mon Aug 07 07:12:02 GMT 2023","Mon Aug 07 07:12:04 GMT 2023","1954","AllTestsSuite","AllTests","school.redrover.FolderTest","school.redrover.FolderTest","testRenameWithInvalidData","testRenameWithInvalidData",""
"passed","Mon Aug 07 06:42:22 GMT 2023","Mon Aug 07 06:42:24 GMT 2023","1767","AllTestsSuite","AllTests","school.redrover.OrganizationFolderTest","school.redrover.OrganizationFolderTest","testScanOrgFolderLog","testScanOrgFolderLog",""
"passed","Mon Aug 07 07:28:50 GMT 2023","Mon Aug 07 07:28:52 GMT 2023","2344","AllTestsSuite","AllTests","school.redrover.BreadcrumbTest","school.redrover.BreadcrumbTest","testNavigateToSubMenuUserFromDropDownOnBreadcrumb","testNavigateToSubMenuUserFromDropDownOnBreadcrumb",""
"passed","Mon Aug 07 07:02:26 GMT 2023","Mon Aug 07 07:02:26 GMT 2023","29","AllTestsSuite","AllTests","school.redrover.FooterTest","school.redrover.FooterTest","testJenkinsVersion","testJenkinsVersion",""
"passed","Mon Aug 07 06:39:53 GMT 2023","Mon Aug 07 06:39:54 GMT 2023","714","AllTestsSuite","AllTests","school.redrover.OrganizationFolderTest","school.redrover.OrganizationFolderTest","testCreateUsingInvalidData","testCreateUsingInvalidData",""
"passed","Mon Aug 07 06:40:27 GMT 2023","Mon Aug 07 06:40:29 GMT 2023","1920","AllTestsSuite","AllTests","school.redrover.OrganizationFolderTest","school.redrover.OrganizationFolderTest","testCreatingJenkinsPipeline","testCreatingJenkinsPipeline",""
"passed","Mon Aug 07 07:23:46 GMT 2023","Mon Aug 07 07:23:54 GMT 2023","7735","AllTestsSuite","AllTests","school.redrover.BreadcrumbTest","school.redrover.BreadcrumbTest","testNavigateToFreestyleBuildPagesFromDropdownOnBreadcrumb","testNavigateToFreestyleBuildPagesFromDropdownOnBreadcrumb",""
"passed","Mon Aug 07 07:07:27 GMT 2023","Mon Aug 07 07:07:29 GMT 2023","1897","AllTestsSuite","AllTests","school.redrover.FolderTest","school.redrover.FolderTest","testAddDescriptionFromProjectPage","testAddDescriptionFromProjectPage",""
"passed","Mon Aug 07 07:20:37 GMT 2023","Mon Aug 07 07:20:40 GMT 2023","2362","AllTestsSuite","AllTests","school.redrover.PipelineTest","school.redrover.PipelineTest","testRenameWithInvalidData","testRenameWithInvalidData",""
"passed","Mon Aug 07 06:40:39 GMT 2023","Mon Aug 07 06:40:40 GMT 2023","1852","AllTestsSuite","AllTests","school.redrover.OrganizationFolderTest","school.redrover.OrganizationFolderTest","testDeleteItemFromDropDown","testDeleteItemFromDropDown",""
"passed","Mon Aug 07 06:39:49 GMT 2023","Mon Aug 07 06:39:49 GMT 2023","671","AllTestsSuite","AllTests","school.redrover.OrganizationFolderTest","school.redrover.OrganizationFolderTest","testCreateUsingInvalidData","testCreateUsingInvalidData",""
"passed","Mon Aug 07 07:10:25 GMT 2023","Mon Aug 07 07:10:28 GMT 2023","3099","AllTestsSuite","AllTests","school.redrover.FolderTest","school.redrover.FolderTest","testMoveJobToFolderFromDropDownMenu","testMoveJobToFolderFromDropDownMenu",""
"passed","Mon Aug 07 07:09:46 GMT 2023","Mon Aug 07 07:09:48 GMT 2023","1793","AllTestsSuite","AllTests","school.redrover.FolderTest","school.redrover.FolderTest","testDeleteItemFromSideMenu","testDeleteItemFromSideMenu",""
"passed","Mon Aug 07 06:49:01 GMT 2023","Mon Aug 07 06:49:02 GMT 2023","1358","AllTestsSuite","AllTests","school.redrover.UsersTest","school.redrover.UsersTest","testCreateUsingInvalidEmail","testCreateUsingInvalidEmail",""
"passed","Mon Aug 07 06:38:20 GMT 2023","Mon Aug 07 06:38:21 GMT 2023","1095","AllTestsSuite","AllTests","school.redrover.ConfigureGlobalSecurityTest","school.redrover.ConfigureGlobalSecurityTest","testCheckNumberOfTitles","testCheckNumberOfTitles",""
"passed","Mon Aug 07 06:38:04 GMT 2023","Mon Aug 07 06:38:05 GMT 2023","1058","AllTestsSuite","AllTests","school.redrover.HeaderTest","school.redrover.HeaderTest","testSubMenuUserFromHeader","testSubMenuUserFromHeader",""
"passed","Mon Aug 07 06:47:38 GMT 2023","Mon Aug 07 06:47:40 GMT 2023","1850","AllTestsSuite","AllTests","school.redrover.MultiConfigurationProjectTest","school.redrover.MultiConfigurationProjectTest","testRenameToTheCurrentNameAndGetError","testRenameToTheCurrentNameAndGetError","Verification of impossibility to rename MultiConfiguration project from drop-down menu with existing name"
"passed","Mon Aug 07 07:24:19 GMT 2023","Mon Aug 07 07:24:21 GMT 2023","2316","AllTestsSuite","AllTests","school.redrover.BreadcrumbTest","school.redrover.BreadcrumbTest","testNavigateToFreestylePagesFromDropdownOnBreadcrumb","testNavigateToFreestylePagesFromDropdownOnBreadcrumb",""
"passed","Mon Aug 07 06:40:02 GMT 2023","Mon Aug 07 06:40:03 GMT 2023","436","AllTestsSuite","AllTests","school.redrover.OrganizationFolderTest","school.redrover.OrganizationFolderTest","testCreateUsingInvalidData","testCreateUsingInvalidData",""
"passed","Mon Aug 07 07:32:40 GMT 2023","Mon Aug 07 07:32:44 GMT 2023","3460","AllTestsSuite","AllTests","school.redrover.ViewsTest","school.redrover.ViewsTest","testRenameViewTypes","testRenameViewTypes",""
"passed","Mon Aug 07 06:59:47 GMT 2023","Mon Aug 07 06:59:48 GMT 2023","1849","AllTestsSuite","AllTests","school.redrover.FreestyleProjectTest","school.redrover.FreestyleProjectTest","testNavigateToChangePage","testNavigateToChangePage",""
"passed","Mon Aug 07 07:11:58 GMT 2023","Mon Aug 07 07:12:00 GMT 2023","1902","AllTestsSuite","AllTests","school.redrover.FolderTest","school.redrover.FolderTest","testRenameWithInvalidData","testRenameWithInvalidData",""
"passed","Mon Aug 07 07:22:30 GMT 2023","Mon Aug 07 07:22:31 GMT 2023","954","AllTestsSuite","AllTests","school.redrover.BreadcrumbTest","school.redrover.BreadcrumbTest","testDashboardDropdownMenu","testDashboardDropdownMenu",""
"passed","Mon Aug 07 06:50:02 GMT 2023","Mon Aug 07 06:50:04 GMT 2023","1931","AllTestsSuite","AllTests","school.redrover.UsersTest","school.redrover.UsersTest","testInputtingAnIncorrectPassword","testInputtingAnIncorrectPassword",""
"passed","Mon Aug 07 07:09:12 GMT 2023","Mon Aug 07 07:09:14 GMT 2023","1401","AllTestsSuite","AllTests","school.redrover.FolderTest","school.redrover.FolderTest","testCreateWithLongName","testCreateWithLongName",""
"passed","Mon Aug 07 07:11:21 GMT 2023","Mon Aug 07 07:11:23 GMT 2023","1416","AllTestsSuite","AllTests","school.redrover.FolderTest","school.redrover.FolderTest","testRenameWithDotName","testRenameWithDotName",""
"passed","Mon Aug 07 07:32:21 GMT 2023","Mon Aug 07 07:32:23 GMT 2023","1922","AllTestsSuite","AllTests","school.redrover.ViewsTest","school.redrover.ViewsTest","testHelpForFeatureDescription","testHelpForFeatureDescription",""
"passed","Mon Aug 07 07:05:00 GMT 2023","Mon Aug 07 07:05:02 GMT 2023","1754","AllTestsSuite","AllTests","school.redrover.MultibranchPipelineTest","school.redrover.MultibranchPipelineTest","testDisableFromProjectPage","testDisableFromProjectPage",""
"passed","Mon Aug 07 07:19:43 GMT 2023","Mon Aug 07 07:19:50 GMT 2023","7257","AllTestsSuite","AllTests","school.redrover.PipelineTest","school.redrover.PipelineTest","testPipelineStepsBuildFromProjectPage","testPipelineStepsBuildFromProjectPage",""
"passed","Mon Aug 07 07:20:05 GMT 2023","Mon Aug 07 07:20:12 GMT 2023","6989","AllTestsSuite","AllTests","school.redrover.PipelineTest","school.redrover.PipelineTest","testPreviewDescriptionFromEditInformationPage","testPreviewDescriptionFromEditInformationPage",""
"passed","Mon Aug 07 07:04:50 GMT 2023","Mon Aug 07 07:04:51 GMT 2023","1658","AllTestsSuite","AllTests","school.redrover.MultibranchPipelineTest","school.redrover.MultibranchPipelineTest","testDeleteItemFromDropDown","testDeleteItemFromDropDown",""
"passed","Mon Aug 07 06:58:13 GMT 2023","Mon Aug 07 06:58:22 GMT 2023","8947","AllTestsSuite","AllTests","school.redrover.FreestyleProjectTest","school.redrover.FreestyleProjectTest","testDeleteWorkspaceWhenBuildDonePostBuildActions","testDeleteWorkspaceWhenBuildDonePostBuildActions",""
"passed","Mon Aug 07 07:16:51 GMT 2023","Mon Aug 07 07:16:52 GMT 2023","650","AllTestsSuite","AllTests","school.redrover.PipelineTest","school.redrover.PipelineTest","testCreateUsingInvalidDate","testCreateUsingInvalidDate",""
"passed","Mon Aug 07 07:06:17 GMT 2023","Mon Aug 07 07:06:19 GMT 2023","2083","AllTestsSuite","AllTests","school.redrover.MultibranchPipelineTest","school.redrover.MultibranchPipelineTest","testRenameWithInvalidData","testRenameWithInvalidData",""
"passed","Mon Aug 07 07:28:09 GMT 2023","Mon Aug 07 07:28:11 GMT 2023","2723","AllTestsSuite","AllTests","school.redrover.BreadcrumbTest","school.redrover.BreadcrumbTest","testNavigateToPipelinePagesFromDropdownOnBreadcrumb","testNavigateToPipelinePagesFromDropdownOnBreadcrumb",""
"passed","Mon Aug 07 07:22:44 GMT 2023","Mon Aug 07 07:22:47 GMT 2023","2844","AllTestsSuite","AllTests","school.redrover.BreadcrumbTest","school.redrover.BreadcrumbTest","testNavigateToBuildHistoryPageFromProjectPage","testNavigateToBuildHistoryPageFromProjectPage",""
"passed","Mon Aug 07 06:37:22 GMT 2023","Mon Aug 07 06:37:23 GMT 2023","898","AllTestsSuite","AllTests","school.redrover.HeaderTest","school.redrover.HeaderTest","testPressEnterButtonSearchField","testPressEnterButtonSearchField",""
"passed","Mon Aug 07 06:41:13 GMT 2023","Mon Aug 07 06:41:15 GMT 2023","1786","AllTestsSuite","AllTests","school.redrover.OrganizationFolderTest","school.redrover.OrganizationFolderTest","testPreviewDescriptionFromProjectPage","testPreviewDescriptionFromProjectPage",""
"passed","Mon Aug 07 07:17:52 GMT 2023","Mon Aug 07 07:17:54 GMT 2023","2049","AllTestsSuite","AllTests","school.redrover.PipelineTest","school.redrover.PipelineTest","testDisableFromProjectPage","testDisableFromProjectPage",""
"passed","Mon Aug 07 06:47:58 GMT 2023","Mon Aug 07 06:48:00 GMT 2023","2447","AllTestsSuite","AllTests","school.redrover.MultiConfigurationProjectTest","school.redrover.MultiConfigurationProjectTest","testRenameWithInvalidData","testRenameWithInvalidData","Verification of impossibility to rename MultiConfiguration project with unsafe data"
"passed","Mon Aug 07 06:40:50 GMT 2023","Mon Aug 07 06:40:51 GMT 2023","1932","AllTestsSuite","AllTests","school.redrover.OrganizationFolderTest","school.redrover.OrganizationFolderTest","testDisableFromProjectPage","testDisableFromProjectPage",""
"passed","Mon Aug 07 06:54:20 GMT 2023","Mon Aug 07 06:54:29 GMT 2023","8548","AllTestsSuite","AllTests","school.redrover.FreestyleProjectTest","school.redrover.FreestyleProjectTest","testBuildStepsExecuteWindowsBatchCommand","testBuildStepsExecuteWindowsBatchCommand",""
"passed","Mon Aug 07 07:02:27 GMT 2023","Mon Aug 07 07:02:28 GMT 2023","1144","AllTestsSuite","AllTests","school.redrover.FooterTest","school.redrover.FooterTest","testLinkJenkinsVersion","testLinkJenkinsVersion",""
"passed","Mon Aug 07 06:54:11 GMT 2023","Mon Aug 07 06:54:19 GMT 2023","7673","AllTestsSuite","AllTests","school.redrover.FreestyleProjectTest","school.redrover.FreestyleProjectTest","testBuildStepsExecuteShell","testBuildStepsExecuteShell",""
"passed","Mon Aug 07 07:11:15 GMT 2023","Mon Aug 07 07:11:17 GMT 2023","1440","AllTestsSuite","AllTests","school.redrover.FolderTest","school.redrover.FolderTest","testRenameFromSideMenu","testRenameFromSideMenu",""
"passed","Mon Aug 07 07:18:39 GMT 2023","Mon Aug 07 07:18:42 GMT 2023","2867","AllTestsSuite","AllTests","school.redrover.PipelineTest","school.redrover.PipelineTest","testEditDescriptionFromConfigurationPage","testEditDescriptionFromConfigurationPage",""
"passed","Mon Aug 07 07:05:38 GMT 2023","Mon Aug 07 07:05:40 GMT 2023","1606","AllTestsSuite","AllTests","school.redrover.MultibranchPipelineTest","school.redrover.MultibranchPipelineTest","testRenameFromDropDownMenu","testRenameFromDropDownMenu",""
"passed","Mon Aug 07 06:52:24 GMT 2023","Mon Aug 07 06:52:26 GMT 2023","2170","AllTestsSuite","AllTests","school.redrover.FreestyleProjectTest","school.redrover.FreestyleProjectTest","testAccessConfigurationPageFromProjectPage","testAccessConfigurationPageFromProjectPage",""
"passed","Mon Aug 07 07:15:41 GMT 2023","Mon Aug 07 07:15:46 GMT 2023","4764","AllTestsSuite","AllTests","school.redrover.PipelineTest","school.redrover.PipelineTest","testCreateBuildNowFromDropDown","testCreateBuildNowFromDropDown",""
"passed","Mon Aug 07 07:23:13 GMT 2023","Mon Aug 07 07:23:15 GMT 2023","2271","AllTestsSuite","AllTests","school.redrover.BreadcrumbTest","school.redrover.BreadcrumbTest","testNavigateToFolderPagesFromDropdownOnBreadcrumb","testNavigateToFolderPagesFromDropdownOnBreadcrumb",""
"passed","Mon Aug 07 07:26:44 GMT 2023","Mon Aug 07 07:26:47 GMT 2023","3127","AllTestsSuite","AllTests","school.redrover.BreadcrumbTest","school.redrover.BreadcrumbTest","testNavigateToMultibranchPagesFromDropdownOnBreadcrumb","testNavigateToMultibranchPagesFromDropdownOnBreadcrumb",""
"passed","Mon Aug 07 06:57:00 GMT 2023","Mon Aug 07 06:57:02 GMT 2023","1588","AllTestsSuite","AllTests","school.redrover.FreestyleProjectTest","school.redrover.FreestyleProjectTest","testCreateFromPeoplePage","testCreateFromPeoplePage",""
"passed","Mon Aug 07 07:05:35 GMT 2023","Mon Aug 07 07:05:37 GMT 2023","1863","AllTestsSuite","AllTests","school.redrover.MultibranchPipelineTest","school.redrover.MultibranchPipelineTest","testReindexBranches","testReindexBranches",""
"passed","Mon Aug 07 07:25:47 GMT 2023","Mon Aug 07 07:25:49 GMT 2023","2181","AllTestsSuite","AllTests","school.redrover.BreadcrumbTest","school.redrover.BreadcrumbTest","testNavigateToManageJenkinsSubsection","testNavigateToManageJenkinsSubsection",""
"passed","Mon Aug 07 06:53:55 GMT 2023","Mon Aug 07 06:53:57 GMT 2023","1987","AllTestsSuite","AllTests","school.redrover.FreestyleProjectTest","school.redrover.FreestyleProjectTest","testBuildChangesFromDropDown","testBuildChangesFromDropDown",""
"passed","Mon Aug 07 07:24:23 GMT 2023","Mon Aug 07 07:24:25 GMT 2023","2291","AllTestsSuite","AllTests","school.redrover.BreadcrumbTest","school.redrover.BreadcrumbTest","testNavigateToFreestylePagesFromDropdownOnBreadcrumb","testNavigateToFreestylePagesFromDropdownOnBreadcrumb",""
"passed","Mon Aug 07 07:16:45 GMT 2023","Mon Aug 07 07:16:46 GMT 2023","654","AllTestsSuite","AllTests","school.redrover.PipelineTest","school.redrover.PipelineTest","testCreateUsingInvalidDate","testCreateUsingInvalidDate",""
"passed","Mon Aug 07 07:11:45 GMT 2023","Mon Aug 07 07:11:47 GMT 2023","1665","AllTestsSuite","AllTests","school.redrover.FolderTest","school.redrover.FolderTest","testRenameWithInvalidData","testRenameWithInvalidData",""
"passed","Mon Aug 07 06:52:01 GMT 2023","Mon Aug 07 06:52:02 GMT 2023","965","AllTestsSuite","AllTests","school.redrover.UsersTest","school.redrover.UsersTest","testPreviewDescriptionFromConfigurePage","testPreviewDescriptionFromConfigurePage",""
"passed","Mon Aug 07 07:21:55 GMT 2023","Mon Aug 07 07:22:03 GMT 2023","8135","AllTestsSuite","AllTests","school.redrover.PipelineTest","school.redrover.PipelineTest","testSelectHelloAndConsoleOutputSuccess","testSelectHelloAndConsoleOutputSuccess",""
"passed","Mon Aug 07 06:48:38 GMT 2023","Mon Aug 07 06:48:40 GMT 2023","2821","AllTestsSuite","AllTests","school.redrover.MultiConfigurationProjectTest","school.redrover.MultiConfigurationProjectTest","testThisProjectIsParameterizedOptionsCollectToList","testThisProjectIsParameterizedOptionsCollectToList","Verification of presence parameters for MultiConfiguration Project on GitHub"
"passed","Mon Aug 07 06:43:33 GMT 2023","Mon Aug 07 06:43:35 GMT 2023","1609","AllTestsSuite","AllTests","school.redrover.MultiConfigurationProjectTest","school.redrover.MultiConfigurationProjectTest","testCheckExceptionOfNameToMultiConfiguration","testCheckExceptionOfNameToMultiConfiguration","Verification of showing error message while creating MultiConfiguration project with empty name"
"passed","Mon Aug 07 07:06:03 GMT 2023","Mon Aug 07 07:06:05 GMT 2023","1828","AllTestsSuite","AllTests","school.redrover.MultibranchPipelineTest","school.redrover.MultibranchPipelineTest","testRenameWithInvalidData","testRenameWithInvalidData",""
"passed","Mon Aug 07 07:04:04 GMT 2023","Mon Aug 07 07:04:04 GMT 2023","405","AllTestsSuite","AllTests","school.redrover.MultibranchPipelineTest","school.redrover.MultibranchPipelineTest","testCreateUsingInvalidData","testCreateUsingInvalidData",""
"passed","Mon Aug 07 06:51:10 GMT 2023","Mon Aug 07 06:51:13 GMT 2023","3164","AllTestsSuite","AllTests","school.redrover.UsersTest","school.redrover.UsersTest","testNavigateToPageFromDropDownOnUsersPage","testNavigateToPageFromDropDownOnUsersPage",""
"passed","Mon Aug 07 07:02:45 GMT 2023","Mon Aug 07 07:02:46 GMT 2023","508","AllTestsSuite","AllTests","school.redrover.DashboardTest","school.redrover.DashboardTest","testPreviewDescriptionOnMainPage","testPreviewDescriptionOnMainPage","Verification of the presence of a description preview on the main page"
"passed","Mon Aug 07 06:45:47 GMT 2023","Mon Aug 07 06:45:59 GMT 2023","11809","AllTestsSuite","AllTests","school.redrover.MultiConfigurationProjectTest","school.redrover.MultiConfigurationProjectTest","testDeleteItemFromDropDown","testDeleteItemFromDropDown","Verification of possibility to delete MultiConfiguration Project from drop-down menu"
"passed","Mon Aug 07 07:08:39 GMT 2023","Mon Aug 07 07:08:39 GMT 2023","405","AllTestsSuite","AllTests","school.redrover.FolderTest","school.redrover.FolderTest","testCreateUsingInvalidData","testCreateUsingInvalidData",""
"passed","Mon Aug 07 06:54:07 GMT 2023","Mon Aug 07 06:54:09 GMT 2023","2035","AllTestsSuite","AllTests","school.redrover.FreestyleProjectTest","school.redrover.FreestyleProjectTest","testBuildChangesFromProjectPage","testBuildChangesFromProjectPage",""
"passed","Mon Aug 07 07:12:12 GMT 2023","Mon Aug 07 07:12:14 GMT 2023","1928","AllTestsSuite","AllTests","school.redrover.FolderTest","school.redrover.FolderTest","testRenameWithInvalidData","testRenameWithInvalidData",""
"passed","Mon Aug 07 06:45:31 GMT 2023","Mon Aug 07 06:45:33 GMT 2023","1438","AllTestsSuite","AllTests","school.redrover.MultiConfigurationProjectTest","school.redrover.MultiConfigurationProjectTest","testCreateWithLongName","testCreateWithLongName","Verification of showing error message while creating MultiConfiguration project with long name"
"passed","Mon Aug 07 07:02:22 GMT 2023","Mon Aug 07 07:02:24 GMT 2023","1987","AllTestsSuite","AllTests","school.redrover.FreestyleProjectTest","school.redrover.FreestyleProjectTest","testVisibleProjectNameOnProjectPage","testVisibleProjectNameOnProjectPage",""
"passed","Mon Aug 07 07:17:00 GMT 2023","Mon Aug 07 07:17:02 GMT 2023","1575","AllTestsSuite","AllTests","school.redrover.PipelineTest","school.redrover.PipelineTest","testCreateWithAllowedCharacters","testCreateWithAllowedCharacters",""
"passed","Mon Aug 07 07:01:20 GMT 2023","Mon Aug 07 07:01:23 GMT 2023","2447","AllTestsSuite","AllTests","school.redrover.FreestyleProjectTest","school.redrover.FreestyleProjectTest","testRenameWithInvalidData","testRenameWithInvalidData",""
"passed","Mon Aug 07 07:11:09 GMT 2023","Mon Aug 07 07:11:10 GMT 2023","1690","AllTestsSuite","AllTests","school.redrover.FolderTest","school.redrover.FolderTest","testPreviewDescriptionFromProjectPage","testPreviewDescriptionFromProjectPage",""
"passed","Mon Aug 07 06:53:20 GMT 2023","Mon Aug 07 06:53:25 GMT 2023","4289","AllTestsSuite","AllTests","school.redrover.FreestyleProjectTest","school.redrover.FreestyleProjectTest","testAddEmailNotificationToPostBuildActions","testAddEmailNotificationToPostBuildActions",""
"passed","Mon Aug 07 07:08:26 GMT 2023","Mon Aug 07 07:08:26 GMT 2023","639","AllTestsSuite","AllTests","school.redrover.FolderTest","school.redrover.FolderTest","testCreateUsingInvalidData","testCreateUsingInvalidData",""
"passed","Mon Aug 07 06:39:40 GMT 2023","Mon Aug 07 06:39:43 GMT 2023","2030","AllTestsSuite","AllTests","school.redrover.OrganizationFolderTest","school.redrover.OrganizationFolderTest","testCreateMultibranchProject","testCreateMultibranchProject",""
"passed","Mon Aug 07 06:58:06 GMT 2023","Mon Aug 07 06:58:08 GMT 2023","1911","AllTestsSuite","AllTests","school.redrover.FreestyleProjectTest","school.redrover.FreestyleProjectTest","testDeleteItemFromDropDown","testDeleteItemFromDropDown",""
"passed","Mon Aug 07 07:08:37 GMT 2023","Mon Aug 07 07:08:37 GMT 2023","665","AllTestsSuite","AllTests","school.redrover.FolderTest","school.redrover.FolderTest","testCreateUsingInvalidData","testCreateUsingInvalidData",""
"passed","Mon Aug 07 07:31:15 GMT 2023","Mon Aug 07 07:31:26 GMT 2023","11069","AllTestsSuite","AllTests","school.redrover.ViewsTest","school.redrover.ViewsTest","testCreateNewViewWithJobFilters","testCreateNewViewWithJobFilters",""
"passed","Mon Aug 07 06:38:01 GMT 2023","Mon Aug 07 06:38:02 GMT 2023","720","AllTestsSuite","AllTests","school.redrover.HeaderTest","school.redrover.HeaderTest","testSubMenuUserFromHeader","testSubMenuUserFromHeader",""
"passed","Mon Aug 07 07:16:21 GMT 2023","Mon Aug 07 07:16:23 GMT 2023","1319","AllTestsSuite","AllTests","school.redrover.PipelineTest","school.redrover.PipelineTest","testCreateFromNewItem","testCreateFromNewItem",""
"passed","Mon Aug 07 06:37:36 GMT 2023","Mon Aug 07 06:37:37 GMT 2023","887","AllTestsSuite","AllTests","school.redrover.HeaderTest","school.redrover.HeaderTest","testReturnToDashboardFromSideMenuPages","testReturnToDashboardFromSideMenuPages",""
"passed","Mon Aug 07 06:50:15 GMT 2023","Mon Aug 07 06:50:17 GMT 2023","1888","AllTestsSuite","AllTests","school.redrover.UsersTest","school.redrover.UsersTest","testInputtingAnIncorrectUsername","testInputtingAnIncorrectUsername",""
"passed","Mon Aug 07 07:05:52 GMT 2023","Mon Aug 07 07:05:54 GMT 2023","2014","AllTestsSuite","AllTests","school.redrover.MultibranchPipelineTest","school.redrover.MultibranchPipelineTest","testRenameWithInvalidData","testRenameWithInvalidData",""
"passed","Mon Aug 07 06:37:33 GMT 2023","Mon Aug 07 06:37:34 GMT 2023","999","AllTestsSuite","AllTests","school.redrover.HeaderTest","school.redrover.HeaderTest","testReturnToDashboardFromSideMenuPages","testReturnToDashboardFromSideMenuPages",""
"passed","Mon Aug 07 06:50:28 GMT 2023","Mon Aug 07 06:50:30 GMT 2023","1994","AllTestsSuite","AllTests","school.redrover.UsersTest","school.redrover.UsersTest","testInputtingAnIncorrectUsernameAndPassword","testInputtingAnIncorrectUsernameAndPassword",""
"passed","Mon Aug 07 06:52:13 GMT 2023","Mon Aug 07 06:52:16 GMT 2023","3297","AllTestsSuite","AllTests","school.redrover.UsersTest","school.redrover.UsersTest","testUserCanLoginToJenkinsWithCreatedAccount","testUserCanLoginToJenkinsWithCreatedAccount",""
"passed","Mon Aug 07 06:53:26 GMT 2023","Mon Aug 07 06:53:34 GMT 2023","7812","AllTestsSuite","AllTests","school.redrover.FreestyleProjectTest","school.redrover.FreestyleProjectTest","testAddGitPublisherInPostBuildActions","testAddGitPublisherInPostBuildActions",""
"passed","Mon Aug 07 07:05:13 GMT 2023","Mon Aug 07 07:05:15 GMT 2023","1874","AllTestsSuite","AllTests","school.redrover.MultibranchPipelineTest","school.redrover.MultibranchPipelineTest","testMultibranchPipelineEvents","testMultibranchPipelineEvents",""
"passed","Mon Aug 07 06:36:53 GMT 2023","Mon Aug 07 06:36:53 GMT 2023","1","AllTestsSuite","AllTests","school.redrover.runner.order.OrderForTestsTest","school.redrover.runner.order.OrderForTestsTest","orderMethodsForkDownDepTest","orderMethodsForkDownDepTest",""
"passed","Mon Aug 07 07:24:57 GMT 2023","Mon Aug 07 07:25:00 GMT 2023","2864","AllTestsSuite","AllTests","school.redrover.BreadcrumbTest","school.redrover.BreadcrumbTest","testNavigateToManageJenkinsSubsection","testNavigateToManageJenkinsSubsection",""
"passed","Mon Aug 07 07:13:48 GMT 2023","Mon Aug 07 07:13:49 GMT 2023","723","AllTestsSuite","AllTests","school.redrover.ManageJenkinsTest","school.redrover.ManageJenkinsTest","testSearchToolsAndActions","testSearchToolsAndActions","Verify access search field"
"passed","Mon Aug 07 07:22:33 GMT 2023","Mon Aug 07 07:22:35 GMT 2023","1912","AllTestsSuite","AllTests","school.redrover.BreadcrumbTest","school.redrover.BreadcrumbTest","testDeleteNavigateToFolderPagesFromDropdownOnBreadcrumb","testDeleteNavigateToFolderPagesFromDropdownOnBreadcrumb",""
"passed","Mon Aug 07 07:05:24 GMT 2023","Mon Aug 07 07:05:26 GMT 2023","2428","AllTestsSuite","AllTests","school.redrover.MultibranchPipelineTest","school.redrover.MultibranchPipelineTest","testPipelineSyntax","testPipelineSyntax",""
"passed","Mon Aug 07 07:13:30 GMT 2023","Mon Aug 07 07:13:30 GMT 2023","801","AllTestsSuite","AllTests","school.redrover.ManageJenkinsTest","school.redrover.ManageJenkinsTest","testSearchSettingsItemsByKeyword","testSearchSettingsItemsByKeyword","Verify access search field using keywords"
"passed","Mon Aug 07 06:58:10 GMT 2023","Mon Aug 07 06:58:12 GMT 2023","2105","AllTestsSuite","AllTests","school.redrover.FreestyleProjectTest","school.redrover.FreestyleProjectTest","testDeleteItemFromSideMenu","testDeleteItemFromSideMenu",""
"passed","Mon Aug 07 06:38:51 GMT 2023","Mon Aug 07 06:38:57 GMT 2023","5539","AllTestsSuite","AllTests","school.redrover.OrganizationFolderTest","school.redrover.OrganizationFolderTest","testAddHealthMetricsFromSideMenu","testAddHealthMetricsFromSideMenu",""
"passed","Mon Aug 07 06:43:21 GMT 2023","Mon Aug 07 06:43:23 GMT 2023","2060","AllTestsSuite","AllTests","school.redrover.MultiConfigurationProjectTest","school.redrover.MultiConfigurationProjectTest","testCancelDeletingFromDropDownMenu","testCancelDeletingFromDropDownMenu","Verification of possibility to cancel deleting from drop-down menu for MultiConfiguration Project"
"passed","Mon Aug 07 07:30:42 GMT 2023","Mon Aug 07 07:30:45 GMT 2023","2992","AllTestsSuite","AllTests","school.redrover.ViewsTest","school.redrover.ViewsTest","testCancelDeletingFromViewPage","testCancelDeletingFromViewPage",""
"passed","Mon Aug 07 07:32:35 GMT 2023","Mon Aug 07 07:32:39 GMT 2023","3595","AllTestsSuite","AllTests","school.redrover.ViewsTest","school.redrover.ViewsTest","testRenameViewTypes","testRenameViewTypes",""
"passed","Mon Aug 07 06:39:46 GMT 2023","Mon Aug 07 06:39:47 GMT 2023","700","AllTestsSuite","AllTests","school.redrover.OrganizationFolderTest","school.redrover.OrganizationFolderTest","testCreateUsingInvalidData","testCreateUsingInvalidData",""
"passed","Mon Aug 07 07:12:32 GMT 2023","Mon Aug 07 07:12:45 GMT 2023","13099","AllTestsSuite","AllTests","school.redrover.ManageJenkinsTest","school.redrover.ManageJenkinsTest","testCreateNewAgentNodeByCopyingExistingNode","testCreateNewAgentNodeByCopyingExistingNode","Create a new agent node by copying existing nod"
"passed","Mon Aug 07 07:14:25 GMT 2023","Mon Aug 07 07:14:32 GMT 2023","7689","AllTestsSuite","AllTests","school.redrover.PipelineTest","school.redrover.PipelineTest","testAddDescriptionFromEditInformationPage","testAddDescriptionFromEditInformationPage",""
"passed","Mon Aug 07 07:17:36 GMT 2023","Mon Aug 07 07:17:39 GMT 2023","2538","AllTestsSuite","AllTests","school.redrover.PipelineTest","school.redrover.PipelineTest","testDeleteBuildNowFromSideMenu","testDeleteBuildNowFromSideMenu",""
"passed","Mon Aug 07 07:32:05 GMT 2023","Mon Aug 07 07:32:09 GMT 2023","3293","AllTestsSuite","AllTests","school.redrover.ViewsTest","school.redrover.ViewsTest","testEditDescription","testEditDescription",""
"passed","Mon Aug 07 07:16:12 GMT 2023","Mon Aug 07 07:16:13 GMT 2023","1871","AllTestsSuite","AllTests","school.redrover.PipelineTest","school.redrover.PipelineTest","testCreateFromManageJenkinsPage","testCreateFromManageJenkinsPage",""
"passed","Mon Aug 07 06:51:49 GMT 2023","Mon Aug 07 06:51:52 GMT 2023","2372","AllTestsSuite","AllTests","school.redrover.UsersTest","school.redrover.UsersTest","testNavigateToSideMenuUserFromUsersPage","testNavigateToSideMenuUserFromUsersPage",""
"passed","Mon Aug 07 07:07:56 GMT 2023","Mon Aug 07 07:07:57 GMT 2023","1234","AllTestsSuite","AllTests","school.redrover.FolderTest","school.redrover.FolderTest","testCreateFromBuildHistoryPage","testCreateFromBuildHistoryPage",""
"passed","Mon Aug 07 07:09:17 GMT 2023","Mon Aug 07 07:09:19 GMT 2023","1823","AllTestsSuite","AllTests","school.redrover.FolderTest","school.redrover.FolderTest","testDeleteDescriptionFromConfigPage","testDeleteDescriptionFromConfigPage",""
"passed","Mon Aug 07 07:14:52 GMT 2023","Mon Aug 07 07:14:54 GMT 2023","2366","AllTestsSuite","AllTests","school.redrover.PipelineTest","school.redrover.PipelineTest","testBuildChangesFromDropDown","testBuildChangesFromDropDown",""
"passed","Mon Aug 07 06:37:02 GMT 2023","Mon Aug 07 06:37:03 GMT 2023","174","AllTestsSuite","AllTests","school.redrover.HeaderTest","school.redrover.HeaderTest","testLogOutButton","testLogOutButton",""
"passed","Mon Aug 07 06:45:13 GMT 2023","Mon Aug 07 06:45:13 GMT 2023","459","AllTestsSuite","AllTests","school.redrover.MultiConfigurationProjectTest","school.redrover.MultiConfigurationProjectTest","testCreateUsingInvalidData","testCreateUsingInvalidData","Verification of showing error message while creating MultiConfiguration project with name using unsafe characters"
"passed","Mon Aug 07 06:52:33 GMT 2023","Mon Aug 07 06:52:42 GMT 2023","9594","AllTestsSuite","AllTests","school.redrover.FreestyleProjectTest","school.redrover.FreestyleProjectTest","testAddBranchFromSourceCodeManagement","testAddBranchFromSourceCodeManagement",""
"passed","Mon Aug 07 07:27:26 GMT 2023","Mon Aug 07 07:27:27 GMT 2023","777","AllTestsSuite","AllTests","school.redrover.BreadcrumbTest","school.redrover.BreadcrumbTest","testNavigateToMyViewsPagesFromDropdownOnBreadcrumb","testNavigateToMyViewsPagesFromDropdownOnBreadcrumb",""
"passed","Mon Aug 07 06:42:18 GMT 2023","Mon Aug 07 06:42:20 GMT 2023","1835","AllTestsSuite","AllTests","school.redrover.OrganizationFolderTest","school.redrover.OrganizationFolderTest","testRerunFolderComputation","testRerunFolderComputation",""
"passed","Mon Aug 07 07:03:51 GMT 2023","Mon Aug 07 07:03:51 GMT 2023","663","AllTestsSuite","AllTests","school.redrover.MultibranchPipelineTest","school.redrover.MultibranchPipelineTest","testCreateUsingInvalidData","testCreateUsingInvalidData",""
"passed","Mon Aug 07 06:56:42 GMT 2023","Mon Aug 07 06:56:43 GMT 2023","1120","AllTestsSuite","AllTests","school.redrover.FreestyleProjectTest","school.redrover.FreestyleProjectTest","testCreateFromCreateAJob","testCreateFromCreateAJob",""
"passed","Mon Aug 07 07:14:34 GMT 2023","Mon Aug 07 07:14:36 GMT 2023","1883","AllTestsSuite","AllTests","school.redrover.PipelineTest","school.redrover.PipelineTest","testAddDescriptionFromProjectPage","testAddDescriptionFromProjectPage",""
"passed","Mon Aug 07 06:52:05 GMT 2023","Mon Aug 07 06:52:06 GMT 2023","959","AllTestsSuite","AllTests","school.redrover.UsersTest","school.redrover.UsersTest","testSearchBoxInsensitive","testSearchBoxInsensitive",""
"passed","Mon Aug 07 07:08:13 GMT 2023","Mon Aug 07 07:08:14 GMT 2023","925","AllTestsSuite","AllTests","school.redrover.FolderTest","school.redrover.FolderTest","testCreateFromPeoplePage","testCreateFromPeoplePage",""
"passed","Mon Aug 07 06:47:42 GMT 2023","Mon Aug 07 06:47:44 GMT 2023","2171","AllTestsSuite","AllTests","school.redrover.MultiConfigurationProjectTest","school.redrover.MultiConfigurationProjectTest","testRenameWithInvalidData","testRenameWithInvalidData","Verification of impossibility to rename MultiConfiguration project with unsafe data"
"passed","Mon Aug 07 07:16:32 GMT 2023","Mon Aug 07 07:16:33 GMT 2023","648","AllTestsSuite","AllTests","school.redrover.PipelineTest","school.redrover.PipelineTest","testCreateUsingInvalidDate","testCreateUsingInvalidDate",""
"passed","Mon Aug 07 06:45:08 GMT 2023","Mon Aug 07 06:45:09 GMT 2023","462","AllTestsSuite","AllTests","school.redrover.MultiConfigurationProjectTest","school.redrover.MultiConfigurationProjectTest","testCreateUsingInvalidData","testCreateUsingInvalidData","Verification of showing error message while creating MultiConfiguration project with name using unsafe characters"
"passed","Mon Aug 07 06:51:01 GMT 2023","Mon Aug 07 06:51:04 GMT 2023","3392","AllTestsSuite","AllTests","school.redrover.UsersTest","school.redrover.UsersTest","testNavigateToPageFromDropDownOnUsersPage","testNavigateToPageFromDropDownOnUsersPage",""
"passed","Mon Aug 07 07:30:33 GMT 2023","Mon Aug 07 07:30:36 GMT 2023","2391","AllTestsSuite","AllTests","school.redrover.ViewsTest","school.redrover.ViewsTest","testAddViewDescriptionPreview","testAddViewDescriptionPreview",""
"unknown","Mon Aug 07 06:36:53 GMT 2023","Mon Aug 07 06:36:53 GMT 2023","0","AllTestsSuite","AllTests","school.redrover.BuildHistoryTest","school.redrover.BuildHistoryTest","testConsoleFreestyleBuildLocation","testConsoleFreestyleBuildLocation",""
"passed","Mon Aug 07 07:31:53 GMT 2023","Mon Aug 07 07:31:55 GMT 2023","2397","AllTestsSuite","AllTests","school.redrover.ViewsTest","school.redrover.ViewsTest","testDeleteViewFromConfigureOfNewViewPage","testDeleteViewFromConfigureOfNewViewPage",""
"passed","Mon Aug 07 07:03:37 GMT 2023","Mon Aug 07 07:03:38 GMT 2023","810","AllTestsSuite","AllTests","school.redrover.MultibranchPipelineTest","school.redrover.MultibranchPipelineTest","testCreateFromNewItem","testCreateFromNewItem",""
"passed","Mon Aug 07 06:45:17 GMT 2023","Mon Aug 07 06:45:18 GMT 2023","735","AllTestsSuite","AllTests","school.redrover.MultiConfigurationProjectTest","school.redrover.MultiConfigurationProjectTest","testCreateUsingInvalidData","testCreateUsingInvalidData","Verification of showing error message while creating MultiConfiguration project with name using unsafe characters"
"passed","Mon Aug 07 07:01:28 GMT 2023","Mon Aug 07 07:01:30 GMT 2023","2039","AllTestsSuite","AllTests","school.redrover.FreestyleProjectTest","school.redrover.FreestyleProjectTest","testRenameWithInvalidData","testRenameWithInvalidData",""
"passed","Mon Aug 07 06:42:29 GMT 2023","Mon Aug 07 06:42:31 GMT 2023","1798","AllTestsSuite","AllTests","school.redrover.MultiConfigurationProjectTest","school.redrover.MultiConfigurationProjectTest","testAccessConfigurationPageFromSideMenu","testAccessConfigurationPageFromSideMenu","Verification of possibility to navigate to Configuration Page from side menu for MultiConfiguration Project"
"passed","Mon Aug 07 07:03:28 GMT 2023","Mon Aug 07 07:03:30 GMT 2023","1211","AllTestsSuite","AllTests","school.redrover.MultibranchPipelineTest","school.redrover.MultibranchPipelineTest","testCreateFromManageJenkinsPage","testCreateFromManageJenkinsPage",""
"passed","Mon Aug 07 06:46:23 GMT 2023","Mon Aug 07 06:46:25 GMT 2023","2288","AllTestsSuite","AllTests","school.redrover.MultiConfigurationProjectTest","school.redrover.MultiConfigurationProjectTest","testEditBuildInformationFromBuildPage","testEditBuildInformationFromBuildPage","Verification of possibility to edit build information from Build Page of MultiConfiguration Project"
"passed","Mon Aug 07 06:57:45 GMT 2023","Mon Aug 07 06:57:47 GMT 2023","2815","AllTestsSuite","AllTests","school.redrover.FreestyleProjectTest","school.redrover.FreestyleProjectTest","testDeleteBuildNowFromBuildPage","testDeleteBuildNowFromBuildPage",""
"passed","Mon Aug 07 07:21:05 GMT 2023","Mon Aug 07 07:21:07 GMT 2023","2068","AllTestsSuite","AllTests","school.redrover.PipelineTest","school.redrover.PipelineTest","testRenameWithInvalidData","testRenameWithInvalidData",""
"passed","Mon Aug 07 07:12:29 GMT 2023","Mon Aug 07 07:12:30 GMT 2023","1766","AllTestsSuite","AllTests","school.redrover.ManageJenkinsTest","school.redrover.ManageJenkinsTest","testCreateNewAgentNode","testCreateNewAgentNode","Create a new agent node"
"passed","Mon Aug 07 06:48:29 GMT 2023","Mon Aug 07 06:48:32 GMT 2023","2597","AllTestsSuite","AllTests","school.redrover.MultiConfigurationProjectTest","school.redrover.MultiConfigurationProjectTest","testRenameWithInvalidData","testRenameWithInvalidData","Verification of impossibility to rename MultiConfiguration project with unsafe data"
"passed","Mon Aug 07 06:57:36 GMT 2023","Mon Aug 07 06:57:38 GMT 2023","1887","AllTestsSuite","AllTests","school.redrover.FreestyleProjectTest","school.redrover.FreestyleProjectTest","testCreateWithExistingName","testCreateWithExistingName",""
"passed","Mon Aug 07 07:16:09 GMT 2023","Mon Aug 07 07:16:10 GMT 2023","1152","AllTestsSuite","AllTests","school.redrover.PipelineTest","school.redrover.PipelineTest","testCreateFromCreateAJob","testCreateFromCreateAJob",""
"passed","Mon Aug 07 07:16:36 GMT 2023","Mon Aug 07 07:16:37 GMT 2023","651","AllTestsSuite","AllTests","school.redrover.PipelineTest","school.redrover.PipelineTest","testCreateUsingInvalidDate","testCreateUsingInvalidDate",""
"passed","Mon Aug 07 07:11:41 GMT 2023","Mon Aug 07 07:11:43 GMT 2023","1901","AllTestsSuite","AllTests","school.redrover.FolderTest","school.redrover.FolderTest","testRenameWithInvalidData","testRenameWithInvalidData",""
"passed","Mon Aug 07 06:48:02 GMT 2023","Mon Aug 07 06:48:04 GMT 2023","2384","AllTestsSuite","AllTests","school.redrover.MultiConfigurationProjectTest","school.redrover.MultiConfigurationProjectTest","testRenameWithInvalidData","testRenameWithInvalidData","Verification of impossibility to rename MultiConfiguration project with unsafe data"
"passed","Mon Aug 07 06:46:52 GMT 2023","Mon Aug 07 06:46:55 GMT 2023","2846","AllTestsSuite","AllTests","school.redrover.MultiConfigurationProjectTest","school.redrover.MultiConfigurationProjectTest","testEnableFromProjectPage","testEnableFromProjectPage","Verification of possibility to enable disabled MultiConfiguration Project from Project Page"
"passed","Mon Aug 07 07:05:59 GMT 2023","Mon Aug 07 07:06:01 GMT 2023","1833","AllTestsSuite","AllTests","school.redrover.MultibranchPipelineTest","school.redrover.MultibranchPipelineTest","testRenameWithInvalidData","testRenameWithInvalidData",""
"passed","Mon Aug 07 06:40:07 GMT 2023","Mon Aug 07 06:40:07 GMT 2023","686","AllTestsSuite","AllTests","school.redrover.OrganizationFolderTest","school.redrover.OrganizationFolderTest","testCreateUsingInvalidData","testCreateUsingInvalidData",""
"passed","Mon Aug 07 06:38:17 GMT 2023","Mon Aug 07 06:38:18 GMT 2023","1091","AllTestsSuite","AllTests","school.redrover.ConfigureGlobalSecurityTest","school.redrover.ConfigureGlobalSecurityTest","testCheckNumberOfHelpButton","testCheckNumberOfHelpButton",""
"passed","Mon Aug 07 06:43:09 GMT 2023","Mon Aug 07 06:43:16 GMT 2023","6947","AllTestsSuite","AllTests","school.redrover.MultiConfigurationProjectTest","school.redrover.MultiConfigurationProjectTest","testBuildChangesFromLastBuild","testBuildChangesFromLastBuild","Verification of possibility to build changes from last build of MultiConfiguration project"
"passed","Mon Aug 07 07:08:30 GMT 2023","Mon Aug 07 07:08:31 GMT 2023","644","AllTestsSuite","AllTests","school.redrover.FolderTest","school.redrover.FolderTest","testCreateUsingInvalidData","testCreateUsingInvalidData",""
"passed","Mon Aug 07 07:01:40 GMT 2023","Mon Aug 07 07:01:42 GMT 2023","2020","AllTestsSuite","AllTests","school.redrover.FreestyleProjectTest","school.redrover.FreestyleProjectTest","testRenameWithInvalidData","testRenameWithInvalidData",""
"passed","Mon Aug 07 07:09:15 GMT 2023","Mon Aug 07 07:09:16 GMT 2023","740","AllTestsSuite","AllTests","school.redrover.FolderTest","school.redrover.FolderTest","testCreateWithSpaceInsteadOfName","testCreateWithSpaceInsteadOfName",""
"passed","Mon Aug 07 07:08:07 GMT 2023","Mon Aug 07 07:08:09 GMT 2023","1395","AllTestsSuite","AllTests","school.redrover.FolderTest","school.redrover.FolderTest","testCreateFromMyViewsNewItem","testCreateFromMyViewsNewItem",""
"passed","Mon Aug 07 07:17:48 GMT 2023","Mon Aug 07 07:17:50 GMT 2023","2789","AllTestsSuite","AllTests","school.redrover.PipelineTest","school.redrover.PipelineTest","testDisableFromConfigurationPage","testDisableFromConfigurationPage",""
"passed","Mon Aug 07 06:58:38 GMT 2023","Mon Aug 07 06:58:40 GMT 2023","2329","AllTestsSuite","AllTests","school.redrover.FreestyleProjectTest","school.redrover.FreestyleProjectTest","testDisableFromProjectPage","testDisableFromProjectPage",""
"passed","Mon Aug 07 06:52:50 GMT 2023","Mon Aug 07 06:52:52 GMT 2023","2262","AllTestsSuite","AllTests","school.redrover.FreestyleProjectTest","school.redrover.FreestyleProjectTest","testAddDescriptionFromConfigurationPage","testAddDescriptionFromConfigurationPage",""
"passed","Mon Aug 07 06:48:54 GMT 2023","Mon Aug 07 06:48:56 GMT 2023","1902","AllTestsSuite","AllTests","school.redrover.UsersTest","school.redrover.UsersTest","testCreateUserCheckInManageUsers","testCreateUserCheckInManageUsers",""
"passed","Mon Aug 07 07:13:46 GMT 2023","Mon Aug 07 07:13:47 GMT 2023","756","AllTestsSuite","AllTests","school.redrover.ManageJenkinsTest","school.redrover.ManageJenkinsTest","testSearchToolsAndActions","testSearchToolsAndActions","Verify access search field"
"passed","Mon Aug 07 07:25:58 GMT 2023","Mon Aug 07 07:26:01 GMT 2023","2550","AllTestsSuite","AllTests","school.redrover.BreadcrumbTest","school.redrover.BreadcrumbTest","testNavigateToMultiConfigurationPagesFromDropdownOnBreadcrumb","testNavigateToMultiConfigurationPagesFromDropdownOnBreadcrumb",""
"passed","Mon Aug 07 06:38:47 GMT 2023","Mon Aug 07 06:38:49 GMT 2023","2855","AllTestsSuite","AllTests","school.redrover.OrganizationFolderTest","school.redrover.OrganizationFolderTest","testAddDisplayName","testAddDisplayName",""
"passed","Mon Aug 07 06:58:56 GMT 2023","Mon Aug 07 06:58:58 GMT 2023","2183","AllTestsSuite","AllTests","school.redrover.FreestyleProjectTest","school.redrover.FreestyleProjectTest","testEditBuildInformationFromProjectPage","testEditBuildInformationFromProjectPage",""
"passed","Mon Aug 07 07:13:25 GMT 2023","Mon Aug 07 07:13:26 GMT 2023","566","AllTestsSuite","AllTests","school.redrover.ManageJenkinsTest","school.redrover.ManageJenkinsTest","testSearchSettingsItemsByKeyword","testSearchSettingsItemsByKeyword","Verify access search field using keywords"
"passed","Mon Aug 07 06:58:50 GMT 2023","Mon Aug 07 06:58:54 GMT 2023","3710","AllTestsSuite","AllTests","school.redrover.FreestyleProjectTest","school.redrover.FreestyleProjectTest","testEditBuildInformationFromLastBuild","testEditBuildInformationFromLastBuild",""
"passed","Mon Aug 07 06:41:31 GMT 2023","Mon Aug 07 06:41:33 GMT 2023","2172","AllTestsSuite","AllTests","school.redrover.OrganizationFolderTest","school.redrover.OrganizationFolderTest","testRenameWithInvalidData","testRenameWithInvalidData",""
"passed","Mon Aug 07 06:57:08 GMT 2023","Mon Aug 07 06:57:08 GMT 2023","646","AllTestsSuite","AllTests","school.redrover.FreestyleProjectTest","school.redrover.FreestyleProjectTest","testCreateUsingInvalidData","testCreateUsingInvalidData",""
"passed","Mon Aug 07 07:22:18 GMT 2023","Mon Aug 07 07:22:20 GMT 2023","2460","AllTestsSuite","AllTests","school.redrover.PipelineTest","school.redrover.PipelineTest","testWorkspacesBuildFromLastBuild","testWorkspacesBuildFromLastBuild",""
"passed","Mon Aug 07 06:53:46 GMT 2023","Mon Aug 07 06:53:49 GMT 2023","3028","AllTestsSuite","AllTests","school.redrover.FreestyleProjectTest","school.redrover.FreestyleProjectTest","testAllowParallelBuilds","testAllowParallelBuilds",""
"passed","Mon Aug 07 06:44:40 GMT 2023","Mon Aug 07 06:44:41 GMT 2023","1285","AllTestsSuite","AllTests","school.redrover.MultiConfigurationProjectTest","school.redrover.MultiConfigurationProjectTest","testCreateFromPeoplePage","testCreateFromPeoplePage","Verification of creating MultiConfiguration project by clicking +New Item button from People Page"
"passed","Mon Aug 07 07:01:01 GMT 2023","Mon Aug 07 07:01:04 GMT 2023","2356","AllTestsSuite","AllTests","school.redrover.FreestyleProjectTest","school.redrover.FreestyleProjectTest","testRenameWithInvalidData","testRenameWithInvalidData",""
"passed","Mon Aug 07 07:00:46 GMT 2023","Mon Aug 07 07:00:48 GMT 2023","2325","AllTestsSuite","AllTests","school.redrover.FreestyleProjectTest","school.redrover.FreestyleProjectTest","testRenameWithDotInsteadName","testRenameWithDotInsteadName",""
"passed","Mon Aug 07 07:03:44 GMT 2023","Mon Aug 07 07:03:45 GMT 2023","633","AllTestsSuite","AllTests","school.redrover.MultibranchPipelineTest","school.redrover.MultibranchPipelineTest","testCreateUsingInvalidData","testCreateUsingInvalidData",""
"passed","Mon Aug 07 07:08:32 GMT 2023","Mon Aug 07 07:08:33 GMT 2023","407","AllTestsSuite","AllTests","school.redrover.FolderTest","school.redrover.FolderTest","testCreateUsingInvalidData","testCreateUsingInvalidData",""
"passed","Mon Aug 07 07:18:00 GMT 2023","Mon Aug 07 07:18:03 GMT 2023","2787","AllTestsSuite","AllTests","school.redrover.PipelineTest","school.redrover.PipelineTest","testDiscardOldBuildsIsChecked","testDiscardOldBuildsIsChecked",""
"passed","Mon Aug 07 06:39:24 GMT 2023","Mon Aug 07 06:39:25 GMT 2023","1907","AllTestsSuite","AllTests","school.redrover.OrganizationFolderTest","school.redrover.OrganizationFolderTest","testCreateFromManageJenkinsPage","testCreateFromManageJenkinsPage",""
"passed","Mon Aug 07 06:38:13 GMT 2023","Mon Aug 07 06:38:15 GMT 2023","1999","AllTestsSuite","AllTests","school.redrover.ConfigureGlobalSecurityTest","school.redrover.ConfigureGlobalSecurityTest","testAPICheckboxesAreClickable","testAPICheckboxesAreClickable",""
"passed","Mon Aug 07 06:46:27 GMT 2023","Mon Aug 07 06:46:29 GMT 2023","2314","AllTestsSuite","AllTests","school.redrover.MultiConfigurationProjectTest","school.redrover.MultiConfigurationProjectTest","testEditBuildInformationFromDropDown","testEditBuildInformationFromDropDown","Verification of possibility to edit build information from drop-down menu for MultiConfiguration Project"
"passed","Mon Aug 07 07:26:16 GMT 2023","Mon Aug 07 07:26:18 GMT 2023","2583","AllTestsSuite","AllTests","school.redrover.BreadcrumbTest","school.redrover.BreadcrumbTest","testNavigateToMultiConfigurationPagesFromDropdownOnBreadcrumb","testNavigateToMultiConfigurationPagesFromDropdownOnBreadcrumb",""
"passed","Mon Aug 07 07:07:59 GMT 2023","Mon Aug 07 07:08:00 GMT 2023","791","AllTestsSuite","AllTests","school.redrover.FolderTest","school.redrover.FolderTest","testCreateFromCreateAJob","testCreateFromCreateAJob",""
"passed","Mon Aug 07 07:27:45 GMT 2023","Mon Aug 07 07:27:48 GMT 2023","3097","AllTestsSuite","AllTests","school.redrover.BreadcrumbTest","school.redrover.BreadcrumbTest","testNavigateToOrgFolderPagesFromDropdownOnBreadcrumb","testNavigateToOrgFolderPagesFromDropdownOnBreadcrumb",""
"passed","Mon Aug 07 06:51:53 GMT 2023","Mon Aug 07 06:51:55 GMT 2023","1948","AllTestsSuite","AllTests","school.redrover.UsersTest","school.redrover.UsersTest","testNavigateToSideMenuUserFromUsersPage","testNavigateToSideMenuUserFromUsersPage",""
"passed","Mon Aug 07 06:53:59 GMT 2023","Mon Aug 07 06:54:05 GMT 2023","6806","AllTestsSuite","AllTests","school.redrover.FreestyleProjectTest","school.redrover.FreestyleProjectTest","testBuildChangesFromLastBuild","testBuildChangesFromLastBuild",""
"passed","Mon Aug 07 06:51:38 GMT 2023","Mon Aug 07 06:51:40 GMT 2023","2240","AllTestsSuite","AllTests","school.redrover.UsersTest","school.redrover.UsersTest","testNavigateToSideMenuUserFromUsersPage","testNavigateToSideMenuUserFromUsersPage",""
"passed","Mon Aug 07 07:27:58 GMT 2023","Mon Aug 07 07:27:59 GMT 2023","1066","AllTestsSuite","AllTests","school.redrover.BreadcrumbTest","school.redrover.BreadcrumbTest","testNavigateToPeoplePageFromBuildHistoryPage","testNavigateToPeoplePageFromBuildHistoryPage",""
"passed","Mon Aug 07 06:56:48 GMT 2023","Mon Aug 07 06:56:49 GMT 2023","1664","AllTestsSuite","AllTests","school.redrover.FreestyleProjectTest","school.redrover.FreestyleProjectTest","testCreateFromManageJenkinsPage","testCreateFromManageJenkinsPage",""
"passed","Mon Aug 07 07:00:57 GMT 2023","Mon Aug 07 07:01:00 GMT 2023","2336","AllTestsSuite","AllTests","school.redrover.FreestyleProjectTest","school.redrover.FreestyleProjectTest","testRenameWithInvalidData","testRenameWithInvalidData",""
"passed","Mon Aug 07 06:56:57 GMT 2023","Mon Aug 07 06:56:59 GMT 2023","1350","AllTestsSuite","AllTests","school.redrover.FreestyleProjectTest","school.redrover.FreestyleProjectTest","testCreateFromNewItem","creating a job by clicking on 'New Item' button","Verify job creation when clicking on 'New Item' button"
"passed","Mon Aug 07 06:42:50 GMT 2023","Mon Aug 07 06:42:58 GMT 2023","7303","AllTestsSuite","AllTests","school.redrover.MultiConfigurationProjectTest","school.redrover.MultiConfigurationProjectTest","testAddDisplayNameForBuild","testAddDisplayNameForBuild","Verification of presence display name for build of MultiConfiguration project"
"passed","Mon Aug 07 06:44:23 GMT 2023","Mon Aug 07 06:44:25 GMT 2023","1435","AllTestsSuite","AllTests","school.redrover.MultiConfigurationProjectTest","school.redrover.MultiConfigurationProjectTest","testCreateFromCreateAJob","testCreateFromCreateAJob","Verification of creating MultiConfiguration project by clicking Create a job button"
"passed","Mon Aug 07 07:26:02 GMT 2023","Mon Aug 07 07:26:05 GMT 2023","2621","AllTestsSuite","AllTests","school.redrover.BreadcrumbTest","school.redrover.BreadcrumbTest","testNavigateToMultiConfigurationPagesFromDropdownOnBreadcrumb","testNavigateToMultiConfigurationPagesFromDropdownOnBreadcrumb",""
"passed","Mon Aug 07 06:40:34 GMT 2023","Mon Aug 07 06:40:37 GMT 2023","3101","AllTestsSuite","AllTests","school.redrover.OrganizationFolderTest","school.redrover.OrganizationFolderTest","testDeleteDisplayName","testDeleteDisplayName",""
"passed","Mon Aug 07 07:23:05 GMT 2023","Mon Aug 07 07:23:07 GMT 2023","2264","AllTestsSuite","AllTests","school.redrover.BreadcrumbTest","school.redrover.BreadcrumbTest","testNavigateToDeleteMultibranchPagesFromDropdownOnBreadcrumb","testNavigateToDeleteMultibranchPagesFromDropdownOnBreadcrumb",""
"passed","Mon Aug 07 06:44:59 GMT 2023","Mon Aug 07 06:45:00 GMT 2023","463","AllTestsSuite","AllTests","school.redrover.MultiConfigurationProjectTest","school.redrover.MultiConfigurationProjectTest","testCreateUsingInvalidData","testCreateUsingInvalidData","Verification of showing error message while creating MultiConfiguration project with name using unsafe characters"
"passed","Mon Aug 07 06:39:34 GMT 2023","Mon Aug 07 06:39:36 GMT 2023","1544","AllTestsSuite","AllTests","school.redrover.OrganizationFolderTest","school.redrover.OrganizationFolderTest","testCreateFromNewItem","testCreateFromNewItem",""
"passed","Mon Aug 07 07:21:32 GMT 2023","Mon Aug 07 07:21:35 GMT 2023","2796","AllTestsSuite","AllTests","school.redrover.PipelineTest","school.redrover.PipelineTest","testReplayBuildFromBuildPage","testReplayBuildFromBuildPage",""
"passed","Mon Aug 07 07:26:56 GMT 2023","Mon Aug 07 07:26:59 GMT 2023","2731","AllTestsSuite","AllTests","school.redrover.BreadcrumbTest","school.redrover.BreadcrumbTest","testNavigateToMyViewsPageFromConfigurationPage","testNavigateToMyViewsPageFromConfigurationPage",""
"passed","Mon Aug 07 07:15:56 GMT 2023","Mon Aug 07 07:16:04 GMT 2023","7794","AllTestsSuite","AllTests","school.redrover.PipelineTest","school.redrover.PipelineTest","testCreateBuildWithParameters","testCreateBuildWithParameters",""
"passed","Mon Aug 07 07:14:04 GMT 2023","Mon Aug 07 07:14:05 GMT 2023","1610","AllTestsSuite","AllTests","school.redrover.PipelineTest","school.redrover.PipelineTest","testAccessConfigurationPageFromSideMenu","testAccessConfigurationPageFromSideMenu",""
"passed","Mon Aug 07 06:41:42 GMT 2023","Mon Aug 07 06:41:44 GMT 2023","2171","AllTestsSuite","AllTests","school.redrover.OrganizationFolderTest","school.redrover.OrganizationFolderTest","testRenameWithInvalidData","testRenameWithInvalidData",""
"passed","Mon Aug 07 07:18:43 GMT 2023","Mon Aug 07 07:18:46 GMT 2023","2825","AllTestsSuite","AllTests","school.redrover.PipelineTest","school.redrover.PipelineTest","testEnableFromConfigurationPage","testEnableFromConfigurationPage",""
"passed","Mon Aug 07 07:25:01 GMT 2023","Mon Aug 07 07:25:04 GMT 2023","2720","AllTestsSuite","AllTests","school.redrover.BreadcrumbTest","school.redrover.BreadcrumbTest","testNavigateToManageJenkinsSubsection","testNavigateToManageJenkinsSubsection",""
"passed","Mon Aug 07 07:01:09 GMT 2023","Mon Aug 07 07:01:11 GMT 2023","2133","AllTestsSuite","AllTests","school.redrover.FreestyleProjectTest","school.redrover.FreestyleProjectTest","testRenameWithInvalidData","testRenameWithInvalidData",""
"passed","Mon Aug 07 07:28:13 GMT 2023","Mon Aug 07 07:28:16 GMT 2023","3107","AllTestsSuite","AllTests","school.redrover.BreadcrumbTest","school.redrover.BreadcrumbTest","testNavigateToPipelinePagesFromDropdownOnBreadcrumb","testNavigateToPipelinePagesFromDropdownOnBreadcrumb",""
"passed","Mon Aug 07 06:57:39 GMT 2023","Mon Aug 07 06:57:41 GMT 2023","1483","AllTestsSuite","AllTests","school.redrover.FreestyleProjectTest","school.redrover.FreestyleProjectTest","testCreateWithLongName","testCreateWithLongName",""
"passed","Mon Aug 07 06:55:08 GMT 2023","Mon Aug 07 06:55:24 GMT 2023","16212","AllTestsSuite","AllTests","school.redrover.FreestyleProjectTest","school.redrover.FreestyleProjectTest","testConfigurePostBuildActionBuildOtherProjects","testConfigurePostBuildActionBuildOtherProjects",""
"passed","Mon Aug 07 07:27:28 GMT 2023","Mon Aug 07 07:27:29 GMT 2023","539","AllTestsSuite","AllTests","school.redrover.BreadcrumbTest","school.redrover.BreadcrumbTest","testNavigateToMyViewsPagesFromDropdownOnBreadcrumb","testNavigateToMyViewsPagesFromDropdownOnBreadcrumb",""
"passed","Mon Aug 07 07:25:17 GMT 2023","Mon Aug 07 07:25:19 GMT 2023","1949","AllTestsSuite","AllTests","school.redrover.BreadcrumbTest","school.redrover.BreadcrumbTest","testNavigateToManageJenkinsSubsection","testNavigateToManageJenkinsSubsection",""
"passed","Mon Aug 07 07:17:32 GMT 2023","Mon Aug 07 07:17:35 GMT 2023","2284","AllTestsSuite","AllTests","school.redrover.PipelineTest","school.redrover.PipelineTest","testDeleteBuildNowFromLastBuild","testDeleteBuildNowFromLastBuild",""
"passed","Mon Aug 07 07:11:31 GMT 2023","Mon Aug 07 07:11:33 GMT 2023","1713","AllTestsSuite","AllTests","school.redrover.FolderTest","school.redrover.FolderTest","testRenameWithInvalidData","testRenameWithInvalidData",""
"passed","Mon Aug 07 07:18:14 GMT 2023","Mon Aug 07 07:18:16 GMT 2023","2322","AllTestsSuite","AllTests","school.redrover.PipelineTest","school.redrover.PipelineTest","testEditBuildInformationFromBuildPage","testEditBuildInformationFromBuildPage",""
"passed","Mon Aug 07 06:49:26 GMT 2023","Mon Aug 07 06:49:38 GMT 2023","12215","AllTestsSuite","AllTests","school.redrover.UsersTest","school.redrover.UsersTest","testDeleteFromDropDown","testDeleteFromDropDown",""
"passed","Mon Aug 07 07:08:52 GMT 2023","Mon Aug 07 07:08:52 GMT 2023","712","AllTestsSuite","AllTests","school.redrover.FolderTest","school.redrover.FolderTest","testCreateUsingInvalidData","testCreateUsingInvalidData",""
"passed","Mon Aug 07 07:28:01 GMT 2023","Mon Aug 07 07:28:03 GMT 2023","2336","AllTestsSuite","AllTests","school.redrover.BreadcrumbTest","school.redrover.BreadcrumbTest","testNavigateToPipelinePagesFromDropdownOnBreadcrumb","testNavigateToPipelinePagesFromDropdownOnBreadcrumb",""
"passed","Mon Aug 07 07:18:47 GMT 2023","Mon Aug 07 07:18:50 GMT 2023","2982","AllTestsSuite","AllTests","school.redrover.PipelineTest","school.redrover.PipelineTest","testEnableFromProjectPage","testEnableFromProjectPage",""
"passed","Mon Aug 07 06:38:08 GMT 2023","Mon Aug 07 06:38:09 GMT 2023","633","AllTestsSuite","AllTests","school.redrover.HeaderTest","school.redrover.HeaderTest","testSubMenuUserFromHeader","testSubMenuUserFromHeader",""
"passed","Mon Aug 07 06:52:54 GMT 2023","Mon Aug 07 06:53:01 GMT 2023","7327","AllTestsSuite","AllTests","school.redrover.FreestyleProjectTest","school.redrover.FreestyleProjectTest","testAddDescriptionFromEditInformationPage","testAddDescriptionFromEditInformationPage",""
"passed","Mon Aug 07 07:13:57 GMT 2023","Mon Aug 07 07:13:58 GMT 2023","1808","AllTestsSuite","AllTests","school.redrover.ManageJenkinsTest","school.redrover.ManageJenkinsTest","testTextErrorWhenCreateNewNodeWithEmptyName","testTextErrorWhenCreateNewNodeWithEmptyName","Check error message creating new node with empty name"
"passed","Mon Aug 07 06:49:40 GMT 2023","Mon Aug 07 06:49:52 GMT 2023","12147","AllTestsSuite","AllTests","school.redrover.UsersTest","school.redrover.UsersTest","testDeleteFromSideMenu","testDeleteFromSideMenu",""
"passed","Mon Aug 07 07:28:57 GMT 2023","Mon Aug 07 07:29:00 GMT 2023","2242","AllTestsSuite","AllTests","school.redrover.BreadcrumbTest","school.redrover.BreadcrumbTest","testNewItemNavigateToFolderPagesFromDropdownOnBreadcrumb","testNewItemNavigateToFolderPagesFromDropdownOnBreadcrumb",""
"passed","Mon Aug 07 06:56:51 GMT 2023","Mon Aug 07 06:56:53 GMT 2023","1739","AllTestsSuite","AllTests","school.redrover.FreestyleProjectTest","school.redrover.FreestyleProjectTest","testCreateFromMyViewsCreateAJob","testCreateFromMyViewsCreateAJob",""
"passed","Mon Aug 07 06:47:34 GMT 2023","Mon Aug 07 06:47:37 GMT 2023","2531","AllTestsSuite","AllTests","school.redrover.MultiConfigurationProjectTest","school.redrover.MultiConfigurationProjectTest","testRenameFromSideMenu","testRenameFromSideMenu","Verification of possibility to rename MultiConfiguration project from side menu"
"passed","Mon Aug 07 07:17:19 GMT 2023","Mon Aug 07 07:17:21 GMT 2023","2742","AllTestsSuite","AllTests","school.redrover.PipelineTest","school.redrover.PipelineTest","testDeleteBuildNowFromBuildPage","testDeleteBuildNowFromBuildPage",""
"passed","Mon Aug 07 07:17:03 GMT 2023","Mon Aug 07 07:17:04 GMT 2023","306","AllTestsSuite","AllTests","school.redrover.PipelineTest","school.redrover.PipelineTest","testCreateWithDotInsteadOfName","testCreateWithDotInsteadOfName",""
"passed","Mon Aug 07 07:06:32 GMT 2023","Mon Aug 07 07:06:34 GMT 2023","1974","AllTestsSuite","AllTests","school.redrover.MultibranchPipelineTest","school.redrover.MultibranchPipelineTest","testRenameWithInvalidData","testRenameWithInvalidData",""
"passed","Mon Aug 07 07:29:40 GMT 2023","Mon Aug 07 07:29:41 GMT 2023","1280","AllTestsSuite","AllTests","school.redrover.BreadcrumbTest","school.redrover.BreadcrumbTest","testReturnToDashboardPageFromProjectPage","testReturnToDashboardPageFromProjectPage",""
"passed","Mon Aug 07 07:25:25 GMT 2023","Mon Aug 07 07:25:27 GMT 2023","2075","AllTestsSuite","AllTests","school.redrover.BreadcrumbTest","school.redrover.BreadcrumbTest","testNavigateToManageJenkinsSubsection","testNavigateToManageJenkinsSubsection",""
"passed","Mon Aug 07 06:43:40 GMT 2023","Mon Aug 07 06:43:44 GMT 2023","4092","AllTestsSuite","AllTests","school.redrover.MultiConfigurationProjectTest","school.redrover.MultiConfigurationProjectTest","testConfigureOldBuildForProject","testConfigureOldBuildForProject","Verification of possibility to configure old build for MultiConfiguration Project"
"passed","Mon Aug 07 06:54:36 GMT 2023","Mon Aug 07 06:54:37 GMT 2023","1443","AllTestsSuite","AllTests","school.redrover.FreestyleProjectTest","school.redrover.FreestyleProjectTest","testBuildStepsOptions","testBuildStepsOptions",""
"passed","Mon Aug 07 06:47:27 GMT 2023","Mon Aug 07 06:47:29 GMT 2023","2023","AllTestsSuite","AllTests","school.redrover.MultiConfigurationProjectTest","school.redrover.MultiConfigurationProjectTest","testPreviewDescriptionFromProjectPage","testPreviewDescriptionFromProjectPage","Verification of presence description for MultiConfiguration Project"
"unknown","Mon Aug 07 06:36:53 GMT 2023","Mon Aug 07 06:36:53 GMT 2023","0","AllTestsSuite","AllTests","school.redrover.ManageJenkinsTest","school.redrover.ManageJenkinsTest","testManageJenkinsEmailNotificationGoingBackToOriginalSettings","testManageJenkinsEmailNotificationGoingBackToOriginalSettings","Return to the 'Manage Jenkins' menu after setting up email notifications"
"passed","Mon Aug 07 07:20:41 GMT 2023","Mon Aug 07 07:20:44 GMT 2023","2469","AllTestsSuite","AllTests","school.redrover.PipelineTest","school.redrover.PipelineTest","testRenameWithInvalidData","testRenameWithInvalidData",""
"passed","Mon Aug 07 07:02:30 GMT 2023","Mon Aug 07 07:02:31 GMT 2023","468","AllTestsSuite","AllTests","school.redrover.FooterTest","school.redrover.FooterTest","testLinkRestApi","testLinkRestApi",""
"passed","Mon Aug 07 07:28:35 GMT 2023","Mon Aug 07 07:28:36 GMT 2023","1767","AllTestsSuite","AllTests","school.redrover.BreadcrumbTest","school.redrover.BreadcrumbTest","testNavigateToPluginsPageFromDropDown","testNavigateToPluginsPageFromDropDown",""
"passed","Mon Aug 07 06:45:38 GMT 2023","Mon Aug 07 06:45:46 GMT 2023","7644","AllTestsSuite","AllTests","school.redrover.MultiConfigurationProjectTest","school.redrover.MultiConfigurationProjectTest","testDeleteBuildNowFromDropDown","testDeleteBuildNowFromDropDown","Verification of possibility to delete build from drop-down menu for MultiConfiguration Project"
"passed","Mon Aug 07 07:26:28 GMT 2023","Mon Aug 07 07:26:31 GMT 2023","2355","AllTestsSuite","AllTests","school.redrover.BreadcrumbTest","school.redrover.BreadcrumbTest","testNavigateToMultibranchPagesFromDropdownOnBreadcrumb","testNavigateToMultibranchPagesFromDropdownOnBreadcrumb",""
"passed","Mon Aug 07 06:53:51 GMT 2023","Mon Aug 07 06:53:53 GMT 2023","2418","AllTestsSuite","AllTests","school.redrover.FreestyleProjectTest","school.redrover.FreestyleProjectTest","testBuildChangesFromBuildPage","testBuildChangesFromBuildPage",""
"passed","Mon Aug 07 07:20:30 GMT 2023","Mon Aug 07 07:20:32 GMT 2023","2548","AllTestsSuite","AllTests","school.redrover.PipelineTest","school.redrover.PipelineTest","testRenameFromSideMenu","testRenameFromSideMenu",""
"passed","Mon Aug 07 07:16:54 GMT 2023","Mon Aug 07 07:16:54 GMT 2023","632","AllTestsSuite","AllTests","school.redrover.PipelineTest","school.redrover.PipelineTest","testCreateUsingInvalidDate","testCreateUsingInvalidDate",""
"passed","Mon Aug 07 07:11:48 GMT 2023","Mon Aug 07 07:11:50 GMT 2023","1716","AllTestsSuite","AllTests","school.redrover.FolderTest","school.redrover.FolderTest","testRenameWithInvalidData","testRenameWithInvalidData",""
"passed","Mon Aug 07 06:52:18 GMT 2023","Mon Aug 07 06:52:18 GMT 2023","202","AllTestsSuite","AllTests","school.redrover.UsersTest","school.redrover.UsersTest","testViewIconButtonsPeoplePage","testViewIconButtonsPeoplePage",""
"passed","Mon Aug 07 06:53:41 GMT 2023","Mon Aug 07 06:53:44 GMT 2023","3457","AllTestsSuite","AllTests","school.redrover.FreestyleProjectTest","school.redrover.FreestyleProjectTest","testAddingAProjectOnGitHubToTheFreestyleProject","testAddingAProjectOnGitHubToTheFreestyleProject",""
"passed","Mon Aug 07 07:29:57 GMT 2023","Mon Aug 07 07:30:01 GMT 2023","3366","AllTestsSuite","AllTests","school.redrover.BreadcrumbTest","school.redrover.BreadcrumbTest","testSubmenuDeleteMultiConfigBuild","testSubmenuDeleteMultiConfigBuild",""
"passed","Mon Aug 07 06:37:25 GMT 2023","Mon Aug 07 06:37:31 GMT 2023","6232","AllTestsSuite","AllTests","school.redrover.HeaderTest","school.redrover.HeaderTest","testReturnToDashboardFromProjectAndConfigPage","testReturnToDashboardFromProjectAndConfigPage",""
"passed","Mon Aug 07 07:09:01 GMT 2023","Mon Aug 07 07:09:01 GMT 2023","429","AllTestsSuite","AllTests","school.redrover.FolderTest","school.redrover.FolderTest","testCreateUsingInvalidData","testCreateUsingInvalidData",""
"passed","Mon Aug 07 07:01:36 GMT 2023","Mon Aug 07 07:01:38 GMT 2023","2032","AllTestsSuite","AllTests","school.redrover.FreestyleProjectTest","school.redrover.FreestyleProjectTest","testRenameWithInvalidData","testRenameWithInvalidData",""
"passed","Mon Aug 07 06:38:39 GMT 2023","Mon Aug 07 06:38:41 GMT 2023","2143","AllTestsSuite","AllTests","school.redrover.OrganizationFolderTest","school.redrover.OrganizationFolderTest","testAccessConfigurationPageFromSideMenu","testAccessConfigurationPageFromSideMenu",""
"passed","Mon Aug 07 07:20:01 GMT 2023","Mon Aug 07 07:20:04 GMT 2023","2585","AllTestsSuite","AllTests","school.redrover.PipelineTest","school.redrover.PipelineTest","testPreviewDescriptionFromConfigurationPage","testPreviewDescriptionFromConfigurationPage",""
"passed","Mon Aug 07 07:15:20 GMT 2023","Mon Aug 07 07:15:22 GMT 2023","2260","AllTestsSuite","AllTests","school.redrover.PipelineTest","school.redrover.PipelineTest","testConsoleOutputFromDropDown","testConsoleOutputFromDropDown",""
"passed","Mon Aug 07 07:04:27 GMT 2023","Mon Aug 07 07:04:29 GMT 2023","1620","AllTestsSuite","AllTests","school.redrover.MultibranchPipelineTest","school.redrover.MultibranchPipelineTest","testCredentials","testCredentials",""
"passed","Mon Aug 07 07:07:34 GMT 2023","Mon Aug 07 07:07:39 GMT 2023","4983","AllTestsSuite","AllTests","school.redrover.FolderTest","school.redrover.FolderTest","testAddHealthMetricsFromSideMenu","testAddHealthMetricsFromSideMenu",""
"passed","Mon Aug 07 07:00:19 GMT 2023","Mon Aug 07 07:00:21 GMT 2023","2372","AllTestsSuite","AllTests","school.redrover.FreestyleProjectTest","school.redrover.FreestyleProjectTest","testPreviewDescriptionFromConfigurationPage","testPreviewDescriptionFromConfigurationPage",""
"passed","Mon Aug 07 07:11:18 GMT 2023","Mon Aug 07 07:11:20 GMT 2023","1310","AllTestsSuite","AllTests","school.redrover.FolderTest","school.redrover.FolderTest","testRenameToTheCurrentNameAndGetError","testRenameToTheCurrentNameAndGetError",""
"passed","Mon Aug 07 06:40:15 GMT 2023","Mon Aug 07 06:40:16 GMT 2023","375","AllTestsSuite","AllTests","school.redrover.OrganizationFolderTest","school.redrover.OrganizationFolderTest","testCreateWithEmptyName","testCreateWithEmptyName",""
"passed","Mon Aug 07 07:14:16 GMT 2023","Mon Aug 07 07:14:19 GMT 2023","2807","AllTestsSuite","AllTests","school.redrover.PipelineTest","school.redrover.PipelineTest","testAddDescriptionFromBuildPage","testAddDescriptionFromBuildPage",""
"passed","Mon Aug 07 07:30:21 GMT 2023","Mon Aug 07 07:30:24 GMT 2023","2519","AllTestsSuite","AllTests","school.redrover.ViewsTest","school.redrover.ViewsTest","testAddDescriptionForGlobalViewTypeFromConfigure","testAddDescriptionForGlobalViewTypeFromConfigure",""
"passed","Mon Aug 07 06:55:49 GMT 2023","Mon Aug 07 06:55:57 GMT 2023","7919","AllTestsSuite","AllTests","school.redrover.FreestyleProjectTest","school.redrover.FreestyleProjectTest","testConfigurePostBuildActionsAggregateDownStreamTestResults","testConfigurePostBuildActionsAggregateDownStreamTestResults",""
"passed","Mon Aug 07 06:44:08 GMT 2023","Mon Aug 07 06:44:10 GMT 2023","2442","AllTestsSuite","AllTests","school.redrover.MultiConfigurationProjectTest","school.redrover.MultiConfigurationProjectTest","testCreateBuildNowFromDropDown","testCreateBuildNowFromDropDown","Verification of possibility to build  MultiConfiguration project from drop-down menu"
"passed","Mon Aug 07 07:17:14 GMT 2023","Mon Aug 07 07:17:14 GMT 2023","520","AllTestsSuite","AllTests","school.redrover.PipelineTest","school.redrover.PipelineTest","testCreateWithSpaceInsteadOfName","testCreateWithSpaceInsteadOfName",""
"passed","Mon Aug 07 07:05:17 GMT 2023","Mon Aug 07 07:05:19 GMT 2023","1930","AllTestsSuite","AllTests","school.redrover.MultibranchPipelineTest","school.redrover.MultibranchPipelineTest","testNavigateToBuildHistoryPageFromProjectPage","testNavigateToBuildHistoryPageFromProjectPage",""
"passed","Mon Aug 07 07:29:49 GMT 2023","Mon Aug 07 07:29:50 GMT 2023","1203","AllTestsSuite","AllTests","school.redrover.BreadcrumbTest","school.redrover.BreadcrumbTest","testReturnToDashboardPageFromProjectPage","testReturnToDashboardPageFromProjectPage",""
"passed","Mon Aug 07 07:06:06 GMT 2023","Mon Aug 07 07:06:08 GMT 2023","2035","AllTestsSuite","AllTests","school.redrover.MultibranchPipelineTest","school.redrover.MultibranchPipelineTest","testRenameWithInvalidData","testRenameWithInvalidData",""
"passed","Mon Aug 07 06:45:01 GMT 2023","Mon Aug 07 06:45:02 GMT 2023","535","AllTestsSuite","AllTests","school.redrover.MultiConfigurationProjectTest","school.redrover.MultiConfigurationProjectTest","testCreateUsingInvalidData","testCreateUsingInvalidData","Verification of showing error message while creating MultiConfiguration project with name using unsafe characters"
"passed","Mon Aug 07 07:25:54 GMT 2023","Mon Aug 07 07:25:57 GMT 2023","2197","AllTestsSuite","AllTests","school.redrover.BreadcrumbTest","school.redrover.BreadcrumbTest","testNavigateToManageJenkinsSubsection","testNavigateToManageJenkinsSubsection",""
"passed","Mon Aug 07 07:04:17 GMT 2023","Mon Aug 07 07:04:19 GMT 2023","1505","AllTestsSuite","AllTests","school.redrover.MultibranchPipelineTest","school.redrover.MultibranchPipelineTest","testCreateWithLongName","testCreateWithLongName",""
"passed","Mon Aug 07 07:12:26 GMT 2023","Mon Aug 07 07:12:27 GMT 2023","898","AllTestsSuite","AllTests","school.redrover.ManageJenkinsTest","school.redrover.ManageJenkinsTest","testAccessSearchSettingsFieldUsingShortcutKey","testAccessSearchSettingsFieldUsingShortcutKey","Verify access search field using short cut key"
"passed","Mon Aug 07 07:29:46 GMT 2023","Mon Aug 07 07:29:48 GMT 2023","1604","AllTestsSuite","AllTests","school.redrover.BreadcrumbTest","school.redrover.BreadcrumbTest","testReturnToDashboardPageFromProjectPage","testReturnToDashboardPageFromProjectPage",""
"passed","Mon Aug 07 06:39:18 GMT 2023","Mon Aug 07 06:39:19 GMT 2023","1215","AllTestsSuite","AllTests","school.redrover.OrganizationFolderTest","school.redrover.OrganizationFolderTest","testCreateFromBuildHistoryPage","testCreateFromBuildHistoryPage",""
"passed","Mon Aug 07 07:17:07 GMT 2023","Mon Aug 07 07:17:09 GMT 2023","1901","AllTestsSuite","AllTests","school.redrover.PipelineTest","school.redrover.PipelineTest","testCreateWithExistingName","testCreateWithExistingName",""
"passed","Mon Aug 07 06:38:58 GMT 2023","Mon Aug 07 06:39:01 GMT 2023","3004","AllTestsSuite","AllTests","school.redrover.OrganizationFolderTest","school.redrover.OrganizationFolderTest","testAppearanceIconHasChanged","testAppearanceIconHasChanged",""
"passed","Mon Aug 07 07:28:54 GMT 2023","Mon Aug 07 07:28:56 GMT 2023","2117","AllTestsSuite","AllTests","school.redrover.BreadcrumbTest","school.redrover.BreadcrumbTest","testNavigateToSubMenuUserFromDropDownOnBreadcrumb","testNavigateToSubMenuUserFromDropDownOnBreadcrumb",""
"passed","Mon Aug 07 06:44:48 GMT 2023","Mon Aug 07 06:44:49 GMT 2023","932","AllTestsSuite","AllTests","school.redrover.MultiConfigurationProjectTest","school.redrover.MultiConfigurationProjectTest","testCreateUsingInvalidData","testCreateUsingInvalidData","Verification of showing error message while creating MultiConfiguration project with name using unsafe characters"
"passed","Mon Aug 07 06:48:13 GMT 2023","Mon Aug 07 06:48:16 GMT 2023","2512","AllTestsSuite","AllTests","school.redrover.MultiConfigurationProjectTest","school.redrover.MultiConfigurationProjectTest","testRenameWithInvalidData","testRenameWithInvalidData","Verification of impossibility to rename MultiConfiguration project with unsafe data"
"passed","Mon Aug 07 07:00:10 GMT 2023","Mon Aug 07 07:00:17 GMT 2023","7030","AllTestsSuite","AllTests","school.redrover.FreestyleProjectTest","school.redrover.FreestyleProjectTest","testPreviewDescriptionFromBuildPage","testPreviewDescriptionFromBuildPage",""
"passed","Mon Aug 07 07:31:31 GMT 2023","Mon Aug 07 07:31:34 GMT 2023","2178","AllTestsSuite","AllTests","school.redrover.ViewsTest","school.redrover.ViewsTest","testCreateViewTypes","testCreateViewTypes",""
"passed","Mon Aug 07 07:00:54 GMT 2023","Mon Aug 07 07:00:56 GMT 2023","2117","AllTestsSuite","AllTests","school.redrover.FreestyleProjectTest","school.redrover.FreestyleProjectTest","testRenameWithInvalidData","testRenameWithInvalidData",""
"passed","Mon Aug 07 06:44:20 GMT 2023","Mon Aug 07 06:44:22 GMT 2023","1416","AllTestsSuite","AllTests","school.redrover.MultiConfigurationProjectTest","school.redrover.MultiConfigurationProjectTest","testCreateFromBuildHistoryPage","testCreateFromBuildHistoryPage","Verification of creating MultiConfiguration project by clicking +New Item button from Build History Page"
"passed","Mon Aug 07 06:50:42 GMT 2023","Mon Aug 07 06:50:44 GMT 2023","2256","AllTestsSuite","AllTests","school.redrover.UsersTest","school.redrover.UsersTest","testLogInWithDeletedUserCredentials","testLogInWithDeletedUserCredentials",""
"passed","Mon Aug 07 06:51:27 GMT 2023","Mon Aug 07 06:51:29 GMT 2023","2385","AllTestsSuite","AllTests","school.redrover.UsersTest","school.redrover.UsersTest","testNavigateToPageFromSideMenuOnConfigure","testNavigateToPageFromSideMenuOnConfigure",""
"passed","Mon Aug 07 07:23:33 GMT 2023","Mon Aug 07 07:23:35 GMT 2023","2230","AllTestsSuite","AllTests","school.redrover.BreadcrumbTest","school.redrover.BreadcrumbTest","testNavigateToFolderPagesFromDropdownOnBreadcrumb","testNavigateToFolderPagesFromDropdownOnBreadcrumb",""
"passed","Mon Aug 07 07:23:25 GMT 2023","Mon Aug 07 07:23:27 GMT 2023","2829","AllTestsSuite","AllTests","school.redrover.BreadcrumbTest","school.redrover.BreadcrumbTest","testNavigateToFolderPagesFromDropdownOnBreadcrumb","testNavigateToFolderPagesFromDropdownOnBreadcrumb",""
"passed","Mon Aug 07 07:25:36 GMT 2023","Mon Aug 07 07:25:38 GMT 2023","2280","AllTestsSuite","AllTests","school.redrover.BreadcrumbTest","school.redrover.BreadcrumbTest","testNavigateToManageJenkinsSubsection","testNavigateToManageJenkinsSubsection",""
"passed","Mon Aug 07 07:03:19 GMT 2023","Mon Aug 07 07:03:21 GMT 2023","1889","AllTestsSuite","AllTests","school.redrover.MultibranchPipelineTest","school.redrover.MultibranchPipelineTest","testConfigureProject","testConfigureProject",""
"passed","Mon Aug 07 06:53:11 GMT 2023","Mon Aug 07 06:53:18 GMT 2023","7178","AllTestsSuite","AllTests","school.redrover.FreestyleProjectTest","school.redrover.FreestyleProjectTest","testAddDisplayNameForBuild","testAddDisplayNameForBuild",""
"passed","Mon Aug 07 07:11:12 GMT 2023","Mon Aug 07 07:11:14 GMT 2023","1850","AllTestsSuite","AllTests","school.redrover.FolderTest","school.redrover.FolderTest","testRenameFromDropDownMenu","testRenameFromDropDownMenu",""
"passed","Mon Aug 07 06:51:30 GMT 2023","Mon Aug 07 06:51:33 GMT 2023","2364","AllTestsSuite","AllTests","school.redrover.UsersTest","school.redrover.UsersTest","testNavigateToPageFromSideMenuOnConfigure","testNavigateToPageFromSideMenuOnConfigure",""
"passed","Mon Aug 07 06:38:32 GMT 2023","Mon Aug 07 06:38:33 GMT 2023","1498","AllTestsSuite","AllTests","school.redrover.ConfigureGlobalSecurityTest","school.redrover.ConfigureGlobalSecurityTest","testSavedNotificationAppearsWhenClickApply","testSavedNotificationAppearsWhenClickApply",""
"passed","Mon Aug 07 07:08:58 GMT 2023","Mon Aug 07 07:08:59 GMT 2023","654","AllTestsSuite","AllTests","school.redrover.FolderTest","school.redrover.FolderTest","testCreateUsingInvalidData","testCreateUsingInvalidData",""
"passed","Mon Aug 07 07:13:08 GMT 2023","Mon Aug 07 07:13:09 GMT 2023","1139","AllTestsSuite","AllTests","school.redrover.ManageJenkinsTest","school.redrover.ManageJenkinsTest","testFourTasksOnLeftSidePanel","testFourTasksOnLeftSidePanel","Verify is displayed tasks on the side panel of the Manage plugins menu"
"passed","Mon Aug 07 07:26:48 GMT 2023","Mon Aug 07 07:26:51 GMT 2023","2301","AllTestsSuite","AllTests","school.redrover.BreadcrumbTest","school.redrover.BreadcrumbTest","testNavigateToMultibranchPagesFromDropdownOnBreadcrumb","testNavigateToMultibranchPagesFromDropdownOnBreadcrumb",""
"passed","Mon Aug 07 07:31:35 GMT 2023","Mon Aug 07 07:31:38 GMT 2023","3089","AllTestsSuite","AllTests","school.redrover.ViewsTest","school.redrover.ViewsTest","testDeleteMyViewTypesFromViewPage","testDeleteMyViewTypesFromViewPage",""
"passed","Mon Aug 07 07:20:49 GMT 2023","Mon Aug 07 07:20:51 GMT 2023","2324","AllTestsSuite","AllTests","school.redrover.PipelineTest","school.redrover.PipelineTest","testRenameWithInvalidData","testRenameWithInvalidData",""
"passed","Mon Aug 07 06:47:00 GMT 2023","Mon Aug 07 06:47:08 GMT 2023","7319","AllTestsSuite","AllTests","school.redrover.MultiConfigurationProjectTest","school.redrover.MultiConfigurationProjectTest","testNavigateToWorkspaceFromProjectPage","testNavigateToWorkspaceFromProjectPage","Verification of possibility to navigate to Workspaces from Project Page for MultiConfiguration Project"
"passed","Mon Aug 07 07:08:01 GMT 2023","Mon Aug 07 07:08:03 GMT 2023","1576","AllTestsSuite","AllTests","school.redrover.FolderTest","school.redrover.FolderTest","testCreateFromManageJenkinsPage","testCreateFromManageJenkinsPage",""
"passed","Mon Aug 07 06:51:57 GMT 2023","Mon Aug 07 06:51:59 GMT 2023","2148","AllTestsSuite","AllTests","school.redrover.UsersTest","school.redrover.UsersTest","testNavigateToSideMenuUserFromUsersPage","testNavigateToSideMenuUserFromUsersPage",""
"passed","Mon Aug 07 06:53:35 GMT 2023","Mon Aug 07 06:53:39 GMT 2023","3736","AllTestsSuite","AllTests","school.redrover.FreestyleProjectTest","school.redrover.FreestyleProjectTest","testAddRepositoryFromSourceCodeManagement","testAddRepositoryFromSourceCodeManagement",""
"passed","Mon Aug 07 06:48:49 GMT 2023","Mon Aug 07 06:48:51 GMT 2023","1782","AllTestsSuite","AllTests","school.redrover.UsersTest","school.redrover.UsersTest","testCreateNewUser","testCreateNewUser",""
"passed","Mon Aug 07 07:02:01 GMT 2023","Mon Aug 07 07:02:05 GMT 2023","3660","AllTestsSuite","AllTests","school.redrover.FreestyleProjectTest","school.redrover.FreestyleProjectTest","testSetPeriodForJenkinsToWaitBeforeActuallyStartingTriggeredBuild","testSetPeriodForJenkinsToWaitBeforeActuallyStartingTriggeredBuild",""
"passed","Mon Aug 07 06:48:45 GMT 2023","Mon Aug 07 06:48:47 GMT 2023","2399","AllTestsSuite","AllTests","school.redrover.UsersTest","school.redrover.UsersTest","testAddDescriptionToUserOnUserStatusPage","testAddDescriptionToUserOnUserStatusPage",""
"passed","Mon Aug 07 07:06:39 GMT 2023","Mon Aug 07 07:06:41 GMT 2023","1618","AllTestsSuite","AllTests","school.redrover.MultibranchPipelineTest","school.redrover.MultibranchPipelineTest","testScanMultibranchPipelineLog","testScanMultibranchPipelineLog",""
"passed","Mon Aug 07 07:11:38 GMT 2023","Mon Aug 07 07:11:40 GMT 2023","1705","AllTestsSuite","AllTests","school.redrover.FolderTest","school.redrover.FolderTest","testRenameWithInvalidData","testRenameWithInvalidData",""
"passed","Mon Aug 07 07:04:01 GMT 2023","Mon Aug 07 07:04:02 GMT 2023","697","AllTestsSuite","AllTests","school.redrover.MultibranchPipelineTest","school.redrover.MultibranchPipelineTest","testCreateUsingInvalidData","testCreateUsingInvalidData",""
"passed","Mon Aug 07 06:43:46 GMT 2023","Mon Aug 07 06:43:48 GMT 2023","2601","AllTestsSuite","AllTests","school.redrover.MultiConfigurationProjectTest","school.redrover.MultiConfigurationProjectTest","testConsoleOutputFromBuildPage","testConsoleOutputFromBuildPage","Verification of possibility to make console output for MultiConfiguration from Build Page"
"passed","Mon Aug 07 07:06:21 GMT 2023","Mon Aug 07 07:06:23 GMT 2023","2157","AllTestsSuite","AllTests","school.redrover.MultibranchPipelineTest","school.redrover.MultibranchPipelineTest","testRenameWithInvalidData","testRenameWithInvalidData",""
"passed","Mon Aug 07 07:10:55 GMT 2023","Mon Aug 07 07:10:59 GMT 2023","3379","AllTestsSuite","AllTests","school.redrover.FolderTest","school.redrover.FolderTest","testMoveJobsToFolderFromSideMenu","testMoveJobsToFolderFromSideMenu",""
"passed","Mon Aug 07 06:41:49 GMT 2023","Mon Aug 07 06:41:51 GMT 2023","2084","AllTestsSuite","AllTests","school.redrover.OrganizationFolderTest","school.redrover.OrganizationFolderTest","testRenameWithInvalidData","testRenameWithInvalidData",""
"passed","Mon Aug 07 07:08:35 GMT 2023","Mon Aug 07 07:08:35 GMT 2023","418","AllTestsSuite","AllTests","school.redrover.FolderTest","school.redrover.FolderTest","testCreateUsingInvalidData","testCreateUsingInvalidData",""
"passed","Mon Aug 07 06:46:35 GMT 2023","Mon Aug 07 06:46:37 GMT 2023","2141","AllTestsSuite","AllTests","school.redrover.MultiConfigurationProjectTest","school.redrover.MultiConfigurationProjectTest","testEditBuildInformationFromProjectPage","testEditBuildInformationFromProjectPage","Verification of possibility to edit build information from MultiConfiguration Project Page"
"passed","Mon Aug 07 07:26:24 GMT 2023","Mon Aug 07 07:26:27 GMT 2023","2323","AllTestsSuite","AllTests","school.redrover.BreadcrumbTest","school.redrover.BreadcrumbTest","testNavigateToMultibranchPagesFromDropdownOnBreadcrumb","testNavigateToMultibranchPagesFromDropdownOnBreadcrumb",""
"passed","Mon Aug 07 07:07:31 GMT 2023","Mon Aug 07 07:07:32 GMT 2023","1624","AllTestsSuite","AllTests","school.redrover.FolderTest","school.redrover.FolderTest","testAddDisplayName","testAddDisplayName",""
"passed","Mon Aug 07 06:59:03 GMT 2023","Mon Aug 07 06:59:11 GMT 2023","7761","AllTestsSuite","AllTests","school.redrover.FreestyleProjectTest","school.redrover.FreestyleProjectTest","testEditDescriptionFromBuildPage","testEditDescriptionFromBuildPage",""
"passed","Mon Aug 07 07:13:39 GMT 2023","Mon Aug 07 07:13:40 GMT 2023","605","AllTestsSuite","AllTests","school.redrover.ManageJenkinsTest","school.redrover.ManageJenkinsTest","testSearchSettingsItemsByKeyword","testSearchSettingsItemsByKeyword","Verify access search field using keywords"
"passed","Mon Aug 07 07:30:38 GMT 2023","Mon Aug 07 07:30:40 GMT 2023","2459","AllTestsSuite","AllTests","school.redrover.ViewsTest","school.redrover.ViewsTest","testCancelDeletingFromConfigurationPage","testCancelDeletingFromConfigurationPage",""
"passed","Mon Aug 07 06:39:58 GMT 2023","Mon Aug 07 06:39:58 GMT 2023","653","AllTestsSuite","AllTests","school.redrover.OrganizationFolderTest","school.redrover.OrganizationFolderTest","testCreateUsingInvalidData","testCreateUsingInvalidData",""
"passed","Mon Aug 07 07:03:31 GMT 2023","Mon Aug 07 07:03:33 GMT 2023","1216","AllTestsSuite","AllTests","school.redrover.MultibranchPipelineTest","school.redrover.MultibranchPipelineTest","testCreateFromMyViewsCreateAJob","testCreateFromMyViewsCreateAJob",""
"passed","Mon Aug 07 07:23:01 GMT 2023","Mon Aug 07 07:23:04 GMT 2023","2580","AllTestsSuite","AllTests","school.redrover.BreadcrumbTest","school.redrover.BreadcrumbTest","testNavigateToBuildHistoryPageFromProjectPage","testNavigateToBuildHistoryPageFromProjectPage",""
"passed","Mon Aug 07 07:19:21 GMT 2023","Mon Aug 07 07:19:23 GMT 2023","2505","AllTestsSuite","AllTests","school.redrover.PipelineTest","school.redrover.PipelineTest","testPipelineStepsBuildFromBuildPage","testPipelineStepsBuildFromBuildPage",""
"passed","Mon Aug 07 07:32:10 GMT 2023","Mon Aug 07 07:32:14 GMT 2023","3513","AllTestsSuite","AllTests","school.redrover.ViewsTest","school.redrover.ViewsTest","testEditDescription","testEditDescription",""
"passed","Mon Aug 07 06:38:35 GMT 2023","Mon Aug 07 06:38:37 GMT 2023","2756","AllTestsSuite","AllTests","school.redrover.OrganizationFolderTest","school.redrover.OrganizationFolderTest","testAccessConfigurationPageFromDropDown","testAccessConfigurationPageFromDropDown",""
"passed","Mon Aug 07 07:28:22 GMT 2023","Mon Aug 07 07:28:25 GMT 2023","2612","AllTestsSuite","AllTests","school.redrover.BreadcrumbTest","school.redrover.BreadcrumbTest","testNavigateToPipelinePagesFromDropdownOnBreadcrumb","testNavigateToPipelinePagesFromDropdownOnBreadcrumb",""
"passed","Mon Aug 07 06:48:34 GMT 2023","Mon Aug 07 06:48:36 GMT 2023","2223","AllTestsSuite","AllTests","school.redrover.MultiConfigurationProjectTest","school.redrover.MultiConfigurationProjectTest","testRenameWithInvalidData","testRenameWithInvalidData","Verification of impossibility to rename MultiConfiguration project with unsafe data"
"passed","Mon Aug 07 07:13:14 GMT 2023","Mon Aug 07 07:13:16 GMT 2023","2021","AllTestsSuite","AllTests","school.redrover.ManageJenkinsTest","school.redrover.ManageJenkinsTest","testNavigateToConfigureSystemPageBySearchField","testNavigateToConfigureSystemPageBySearchField","Navigate to the configure system page by search field"
"passed","Mon Aug 07 06:57:17 GMT 2023","Mon Aug 07 06:57:17 GMT 2023","394","AllTestsSuite","AllTests","school.redrover.FreestyleProjectTest","school.redrover.FreestyleProjectTest","testCreateUsingInvalidData","testCreateUsingInvalidData",""
"passed","Mon Aug 07 06:41:45 GMT 2023","Mon Aug 07 06:41:47 GMT 2023","2071","AllTestsSuite","AllTests","school.redrover.OrganizationFolderTest","school.redrover.OrganizationFolderTest","testRenameWithInvalidData","testRenameWithInvalidData",""
"passed","Mon Aug 07 07:23:37 GMT 2023","Mon Aug 07 07:23:44 GMT 2023","7693","AllTestsSuite","AllTests","school.redrover.BreadcrumbTest","school.redrover.BreadcrumbTest","testNavigateToFreestyleBuildPagesFromDropdownOnBreadcrumb","testNavigateToFreestyleBuildPagesFromDropdownOnBreadcrumb",""
"passed","Mon Aug 07 07:04:08 GMT 2023","Mon Aug 07 07:04:09 GMT 2023","659","AllTestsSuite","AllTests","school.redrover.MultibranchPipelineTest","school.redrover.MultibranchPipelineTest","testCreateUsingInvalidData","testCreateUsingInvalidData",""
"passed","Mon Aug 07 07:03:42 GMT 2023","Mon Aug 07 07:03:43 GMT 2023","641","AllTestsSuite","AllTests","school.redrover.MultibranchPipelineTest","school.redrover.MultibranchPipelineTest","testCreateUsingInvalidData","testCreateUsingInvalidData",""
"passed","Mon Aug 07 07:09:54 GMT 2023","Mon Aug 07 07:10:04 GMT 2023","9824","AllTestsSuite","AllTests","school.redrover.FolderTest","school.redrover.FolderTest","testHealthMetricWithRecursive","testHealthMetricWithRecursive",""
"passed","Mon Aug 07 07:16:43 GMT 2023","Mon Aug 07 07:16:43 GMT 2023","679","AllTestsSuite","AllTests","school.redrover.PipelineTest","school.redrover.PipelineTest","testCreateUsingInvalidDate","testCreateUsingInvalidDate",""
"passed","Mon Aug 07 06:51:46 GMT 2023","Mon Aug 07 06:51:48 GMT 2023","1968","AllTestsSuite","AllTests","school.redrover.UsersTest","school.redrover.UsersTest","testNavigateToSideMenuUserFromUsersPage","testNavigateToSideMenuUserFromUsersPage",""
"passed","Mon Aug 07 07:13:44 GMT 2023","Mon Aug 07 07:13:44 GMT 2023","512","AllTestsSuite","AllTests","school.redrover.ManageJenkinsTest","school.redrover.ManageJenkinsTest","testSearchToolsAndActions","testSearchToolsAndActions","Verify access search field"
"passed","Mon Aug 07 06:58:24 GMT 2023","Mon Aug 07 06:58:36 GMT 2023","12408","AllTestsSuite","AllTests","school.redrover.FreestyleProjectTest","school.redrover.FreestyleProjectTest","testDisableFromConfigurationPage","testDisableFromConfigurationPage",""
"passed","Mon Aug 07 07:05:31 GMT 2023","Mon Aug 07 07:05:33 GMT 2023","1746","AllTestsSuite","AllTests","school.redrover.MultibranchPipelineTest","school.redrover.MultibranchPipelineTest","testPreviewDescriptionFromProjectPage","testPreviewDescriptionFromProjectPage",""
"passed","Mon Aug 07 07:02:54 GMT 2023","Mon Aug 07 07:02:57 GMT 2023","2391","AllTestsSuite","AllTests","school.redrover.MultibranchPipelineTest","school.redrover.MultibranchPipelineTest","testAddDescriptionFromConfigurationPage","testAddDescriptionFromConfigurationPage",""
"passed","Mon Aug 07 06:51:06 GMT 2023","Mon Aug 07 06:51:09 GMT 2023","2958","AllTestsSuite","AllTests","school.redrover.UsersTest","school.redrover.UsersTest","testNavigateToPageFromDropDownOnUsersPage","testNavigateToPageFromDropDownOnUsersPage",""
"passed","Mon Aug 07 07:24:15 GMT 2023","Mon Aug 07 07:24:17 GMT 2023","2544","AllTestsSuite","AllTests","school.redrover.BreadcrumbTest","school.redrover.BreadcrumbTest","testNavigateToFreestylePagesFromDropdownOnBreadcrumb","testNavigateToFreestylePagesFromDropdownOnBreadcrumb",""
"passed","Mon Aug 07 07:04:56 GMT 2023","Mon Aug 07 07:04:58 GMT 2023","2008","AllTestsSuite","AllTests","school.redrover.MultibranchPipelineTest","school.redrover.MultibranchPipelineTest","testDisableFromConfigurationPage","testDisableFromConfigurationPage",""
"passed","Mon Aug 07 06:52:08 GMT 2023","Mon Aug 07 06:52:10 GMT 2023","1722","AllTestsSuite","AllTests","school.redrover.UsersTest","school.redrover.UsersTest","testSearchPeople","testSearchPeople",""
"passed","Mon Aug 07 07:10:30 GMT 2023","Mon Aug 07 07:10:33 GMT 2023","3276","AllTestsSuite","AllTests","school.redrover.FolderTest","school.redrover.FolderTest","testMoveJobToFolderFromDropDownMenu","testMoveJobToFolderFromDropDownMenu",""
"passed","Mon Aug 07 06:51:19 GMT 2023","Mon Aug 07 06:51:21 GMT 2023","2479","AllTestsSuite","AllTests","school.redrover.UsersTest","school.redrover.UsersTest","testNavigateToPageFromSideMenuOnConfigure","testNavigateToPageFromSideMenuOnConfigure",""
"passed","Mon Aug 07 07:15:37 GMT 2023","Mon Aug 07 07:15:39 GMT 2023","2430","AllTestsSuite","AllTests","school.redrover.PipelineTest","school.redrover.PipelineTest","testCreateBuildNowFromArrow","testCreateBuildNowFromArrow",""
"passed","Mon Aug 07 07:22:22 GMT 2023","Mon Aug 07 07:22:24 GMT 2023","2492","AllTestsSuite","AllTests","school.redrover.PipelineTest","school.redrover.PipelineTest","testWorkspacesBuildFromProjectPage","testWorkspacesBuildFromProjectPage",""
"passed","Mon Aug 07 07:26:20 GMT 2023","Mon Aug 07 07:26:23 GMT 2023","2547","AllTestsSuite","AllTests","school.redrover.BreadcrumbTest","school.redrover.BreadcrumbTest","testNavigateToMultiConfigurationPagesFromDropdownOnBreadcrumbBuildNow","testNavigateToMultiConfigurationPagesFromDropdownOnBreadcrumbBuildNow",""
"passed","Mon Aug 07 07:16:18 GMT 2023","Mon Aug 07 07:16:20 GMT 2023","1269","AllTestsSuite","AllTests","school.redrover.PipelineTest","school.redrover.PipelineTest","testCreateFromMyViewsNewItem","testCreateFromMyViewsNewItem",""
"passed","Mon Aug 07 07:31:57 GMT 2023","Mon Aug 07 07:31:59 GMT 2023","2701","AllTestsSuite","AllTests","school.redrover.ViewsTest","school.redrover.ViewsTest","testDeleteViewTypesFromViewPage","testDeleteViewTypesFromViewPage",""
"passed","Mon Aug 07 06:39:27 GMT 2023","Mon Aug 07 06:39:29 GMT 2023","1320","AllTestsSuite","AllTests","school.redrover.OrganizationFolderTest","school.redrover.OrganizationFolderTest","testCreateFromMyViewsCreateAJob","testCreateFromMyViewsCreateAJob",""
"passed","Mon Aug 07 07:00:23 GMT 2023","Mon Aug 07 07:00:29 GMT 2023","6825","AllTestsSuite","AllTests","school.redrover.FreestyleProjectTest","school.redrover.FreestyleProjectTest","testPreviewDescriptionFromEditInformationPage","testPreviewDescriptionFromEditInformationPage",""
"passed","Mon Aug 07 07:01:17 GMT 2023","Mon Aug 07 07:01:19 GMT 2023","2348","AllTestsSuite","AllTests","school.redrover.FreestyleProjectTest","school.redrover.FreestyleProjectTest","testRenameWithInvalidData","testRenameWithInvalidData",""
"passed","Mon Aug 07 06:41:56 GMT 2023","Mon Aug 07 06:41:59 GMT 2023","2172","AllTestsSuite","AllTests","school.redrover.OrganizationFolderTest","school.redrover.OrganizationFolderTest","testRenameWithInvalidData","testRenameWithInvalidData",""
"passed","Mon Aug 07 06:38:00 GMT 2023","Mon Aug 07 06:38:00 GMT 2023","86","AllTestsSuite","AllTests","school.redrover.HeaderTest","school.redrover.HeaderTest","testSearchPresent","testSearchPresent",""
"passed","Mon Aug 07 07:11:00 GMT 2023","Mon Aug 07 07:11:03 GMT 2023","3406","AllTestsSuite","AllTests","school.redrover.FolderTest","school.redrover.FolderTest","testMoveJobsToFolderFromSideMenu","testMoveJobsToFolderFromSideMenu",""
"passed","Mon Aug 07 07:25:44 GMT 2023","Mon Aug 07 07:25:46 GMT 2023","1904","AllTestsSuite","AllTests","school.redrover.BreadcrumbTest","school.redrover.BreadcrumbTest","testNavigateToManageJenkinsSubsection","testNavigateToManageJenkinsSubsection",""
"passed","Mon Aug 07 06:46:31 GMT 2023","Mon Aug 07 06:46:33 GMT 2023","2145","AllTestsSuite","AllTests","school.redrover.MultiConfigurationProjectTest","school.redrover.MultiConfigurationProjectTest","testEditBuildInformationFromLastBuild","testEditBuildInformationFromLastBuild","Verification of possibility to edit build information from last build of MultiConfiguration Project"
"passed","Mon Aug 07 06:55:59 GMT 2023","Mon Aug 07 06:56:01 GMT 2023","2506","AllTestsSuite","AllTests","school.redrover.FreestyleProjectTest","school.redrover.FreestyleProjectTest","testConsoleOutputFromBuildPage","testConsoleOutputFromBuildPage",""
"passed","Mon Aug 07 06:51:15 GMT 2023","Mon Aug 07 06:51:17 GMT 2023","2165","AllTestsSuite","AllTests","school.redrover.UsersTest","school.redrover.UsersTest","testNavigateToPageFromSideMenuOnConfigure","testNavigateToPageFromSideMenuOnConfigure",""
"passed","Mon Aug 07 07:22:49 GMT 2023","Mon Aug 07 07:22:52 GMT 2023","2825","AllTestsSuite","AllTests","school.redrover.BreadcrumbTest","school.redrover.BreadcrumbTest","testNavigateToBuildHistoryPageFromProjectPage","testNavigateToBuildHistoryPageFromProjectPage",""
"passed","Mon Aug 07 07:05:03 GMT 2023","Mon Aug 07 07:05:06 GMT 2023","2711","AllTestsSuite","AllTests","school.redrover.MultibranchPipelineTest","school.redrover.MultibranchPipelineTest","testEnableFromConfigurationPage","testEnableFromConfigurationPage",""
"passed","Mon Aug 07 07:08:56 GMT 2023","Mon Aug 07 07:08:57 GMT 2023","646","AllTestsSuite","AllTests","school.redrover.FolderTest","school.redrover.FolderTest","testCreateUsingInvalidData","testCreateUsingInvalidData",""
"passed","Mon Aug 07 07:07:18 GMT 2023","Mon Aug 07 07:07:20 GMT 2023","1524","AllTestsSuite","AllTests","school.redrover.FolderTest","school.redrover.FolderTest","testAccessConfigurationPageFromDashboard","testAccessConfigurationPageFromDashboard",""
"passed","Mon Aug 07 07:23:55 GMT 2023","Mon Aug 07 07:24:03 GMT 2023","8014","AllTestsSuite","AllTests","school.redrover.BreadcrumbTest","school.redrover.BreadcrumbTest","testNavigateToFreestyleBuildPagesFromDropdownOnBreadcrumb","testNavigateToFreestyleBuildPagesFromDropdownOnBreadcrumb",""
"passed","Mon Aug 07 07:05:56 GMT 2023","Mon Aug 07 07:05:58 GMT 2023","1788","AllTestsSuite","AllTests","school.redrover.MultibranchPipelineTest","school.redrover.MultibranchPipelineTest","testRenameWithInvalidData","testRenameWithInvalidData",""
"passed","Mon Aug 07 07:08:43 GMT 2023","Mon Aug 07 07:08:44 GMT 2023","664","AllTestsSuite","AllTests","school.redrover.FolderTest","school.redrover.FolderTest","testCreateUsingInvalidData","testCreateUsingInvalidData",""
"passed","Mon Aug 07 07:03:46 GMT 2023","Mon Aug 07 07:03:47 GMT 2023","635","AllTestsSuite","AllTests","school.redrover.MultibranchPipelineTest","school.redrover.MultibranchPipelineTest","testCreateUsingInvalidData","testCreateUsingInvalidData",""
"unknown","Mon Aug 07 06:36:52 GMT 2023","Mon Aug 07 06:36:52 GMT 2023","0","AllTestsSuite","AllTests","school.redrover.APITest","school.redrover.APITest","httpTest","httpTest",""
"passed","Mon Aug 07 07:21:24 GMT 2023","Mon Aug 07 07:21:26 GMT 2023","2317","AllTestsSuite","AllTests","school.redrover.PipelineTest","school.redrover.PipelineTest","testRenameWithInvalidData","testRenameWithInvalidData",""
"passed","Mon Aug 07 06:42:00 GMT 2023","Mon Aug 07 06:42:02 GMT 2023","2163","AllTestsSuite","AllTests","school.redrover.OrganizationFolderTest","school.redrover.OrganizationFolderTest","testRenameWithInvalidData","testRenameWithInvalidData",""
"passed","Mon Aug 07 07:25:28 GMT 2023","Mon Aug 07 07:25:31 GMT 2023","2338","AllTestsSuite","AllTests","school.redrover.BreadcrumbTest","school.redrover.BreadcrumbTest","testNavigateToManageJenkinsSubsection","testNavigateToManageJenkinsSubsection",""
"passed","Mon Aug 07 07:04:30 GMT 2023","Mon Aug 07 07:04:48 GMT 2023","17565","AllTestsSuite","AllTests","school.redrover.MultibranchPipelineTest","school.redrover.MultibranchPipelineTest","testDeleteHealthMetrics","testDeleteHealthMetrics",""
"passed","Mon Aug 07 06:41:02 GMT 2023","Mon Aug 07 06:41:04 GMT 2023","2318","AllTestsSuite","AllTests","school.redrover.OrganizationFolderTest","school.redrover.OrganizationFolderTest","testOrganizationFolderConfigPipelineSyntax","testOrganizationFolderConfigPipelineSyntax",""
"passed","Mon Aug 07 06:58:47 GMT 2023","Mon Aug 07 06:58:49 GMT 2023","2104","AllTestsSuite","AllTests","school.redrover.FreestyleProjectTest","school.redrover.FreestyleProjectTest","testEditBuildInformationFromDropDown","testEditBuildInformationFromDropDown",""
"passed","Mon Aug 07 06:45:06 GMT 2023","Mon Aug 07 06:45:06 GMT 2023","686","AllTestsSuite","AllTests","school.redrover.MultiConfigurationProjectTest","school.redrover.MultiConfigurationProjectTest","testCreateUsingInvalidData","testCreateUsingInvalidData","Verification of showing error message while creating MultiConfiguration project with name using unsafe characters"
"passed","Mon Aug 07 07:06:14 GMT 2023","Mon Aug 07 07:06:16 GMT 2023","1886","AllTestsSuite","AllTests","school.redrover.MultibranchPipelineTest","school.redrover.MultibranchPipelineTest","testRenameWithInvalidData","testRenameWithInvalidData",""
"passed","Mon Aug 07 06:44:30 GMT 2023","Mon Aug 07 06:44:32 GMT 2023","1961","AllTestsSuite","AllTests","school.redrover.MultiConfigurationProjectTest","school.redrover.MultiConfigurationProjectTest","testCreateFromMyViewsCreateAJob","testCreateFromMyViewsCreateAJob","Verification of creating MultiConfiguration project by clicking Create a job button from My Views Page"
"passed","Mon Aug 07 07:25:06 GMT 2023","Mon Aug 07 07:25:08 GMT 2023","2373","AllTestsSuite","AllTests","school.redrover.BreadcrumbTest","school.redrover.BreadcrumbTest","testNavigateToManageJenkinsSubsection","testNavigateToManageJenkinsSubsection",""
"passed","Mon Aug 07 07:29:36 GMT 2023","Mon Aug 07 07:29:36 GMT 2023","648","AllTestsSuite","AllTests","school.redrover.BreadcrumbTest","school.redrover.BreadcrumbTest","testReturnToDashboardPageFromNewItemPage","testReturnToDashboardPageFromNewItemPage",""
"passed","Mon Aug 07 06:41:17 GMT 2023","Mon Aug 07 06:41:19 GMT 2023","2017","AllTestsSuite","AllTests","school.redrover.OrganizationFolderTest","school.redrover.OrganizationFolderTest","testRenameFromDropDownMenu","testRenameFromDropDownMenu",""
"passed","Mon Aug 07 07:24:31 GMT 2023","Mon Aug 07 07:24:35 GMT 2023","3314","AllTestsSuite","AllTests","school.redrover.BreadcrumbTest","school.redrover.BreadcrumbTest","testNavigateToFreestylePagesFromDropdownOnBreadcrumb","testNavigateToFreestylePagesFromDropdownOnBreadcrumb",""
"passed","Mon Aug 07 06:59:28 GMT 2023","Mon Aug 07 06:59:31 GMT 2023","2632","AllTestsSuite","AllTests","school.redrover.FreestyleProjectTest","school.redrover.FreestyleProjectTest","testEnableFromProjectPage","testEnableFromProjectPage",""
"unknown","Mon Aug 07 06:36:53 GMT 2023","Mon Aug 07 06:36:53 GMT 2023","0","AllTestsSuite","AllTests","school.redrover.APITest","school.redrover.APITest","mercuryITTest","mercuryITTest",""
"passed","Mon Aug 07 06:48:26 GMT 2023","Mon Aug 07 06:48:28 GMT 2023","2257","AllTestsSuite","AllTests","school.redrover.MultiConfigurationProjectTest","school.redrover.MultiConfigurationProjectTest","testRenameWithInvalidData","testRenameWithInvalidData","Verification of impossibility to rename MultiConfiguration project with unsafe data"
"passed","Mon Aug 07 07:20:53 GMT 2023","Mon Aug 07 07:20:55 GMT 2023","2364","AllTestsSuite","AllTests","school.redrover.PipelineTest","school.redrover.PipelineTest","testRenameWithInvalidData","testRenameWithInvalidData",""
"passed","Mon Aug 07 06:44:57 GMT 2023","Mon Aug 07 06:44:57 GMT 2023","685","AllTestsSuite","AllTests","school.redrover.MultiConfigurationProjectTest","school.redrover.MultiConfigurationProjectTest","testCreateUsingInvalidData","testCreateUsingInvalidData","Verification of showing error message while creating MultiConfiguration project with name using unsafe characters"
"passed","Mon Aug 07 07:17:11 GMT 2023","Mon Aug 07 07:17:12 GMT 2023","1198","AllTestsSuite","AllTests","school.redrover.PipelineTest","school.redrover.PipelineTest","testCreateWithLongName","testCreateWithLongName",""
"passed","Mon Aug 07 06:42:11 GMT 2023","Mon Aug 07 06:42:13 GMT 2023","2150","AllTestsSuite","AllTests","school.redrover.OrganizationFolderTest","school.redrover.OrganizationFolderTest","testRenameWithInvalidData","testRenameWithInvalidData",""
"passed","Mon Aug 07 06:56:39 GMT 2023","Mon Aug 07 06:56:40 GMT 2023","1383","AllTestsSuite","AllTests","school.redrover.FreestyleProjectTest","school.redrover.FreestyleProjectTest","testCreateFromBuildHistoryPage","testCreateFromBuildHistoryPage",""
"passed","Mon Aug 07 06:56:07 GMT 2023","Mon Aug 07 06:56:09 GMT 2023","2532","AllTestsSuite","AllTests","school.redrover.FreestyleProjectTest","school.redrover.FreestyleProjectTest","testConsoleOutputFromLastBuild","testConsoleOutputFromLastBuild",""
"passed","Mon Aug 07 06:42:04 GMT 2023","Mon Aug 07 06:42:06 GMT 2023","2147","AllTestsSuite","AllTests","school.redrover.OrganizationFolderTest","school.redrover.OrganizationFolderTest","testRenameWithInvalidData","testRenameWithInvalidData",""
"passed","Mon Aug 07 06:45:22 GMT 2023","Mon Aug 07 06:45:22 GMT 2023","472","AllTestsSuite","AllTests","school.redrover.MultiConfigurationProjectTest","school.redrover.MultiConfigurationProjectTest","testCreateUsingInvalidData","testCreateUsingInvalidData","Verification of showing error message while creating MultiConfiguration project with name using unsafe characters"
"passed","Mon Aug 07 07:24:40 GMT 2023","Mon Aug 07 07:24:52 GMT 2023","11808","AllTestsSuite","AllTests","school.redrover.BreadcrumbTest","school.redrover.BreadcrumbTest","testNavigateToJobFromBuildHistory","testNavigateToJobFromBuildHistory",""
"passed","Mon Aug 07 07:21:20 GMT 2023","Mon Aug 07 07:21:22 GMT 2023","2375","AllTestsSuite","AllTests","school.redrover.PipelineTest","school.redrover.PipelineTest","testRenameWithInvalidData","testRenameWithInvalidData",""
"passed","Mon Aug 07 06:46:57 GMT 2023","Mon Aug 07 06:46:59 GMT 2023","1869","AllTestsSuite","AllTests","school.redrover.MultiConfigurationProjectTest","school.redrover.MultiConfigurationProjectTest","testNavigateToChangesPageFromSideMenu","testNavigateToChangesPageFromSideMenu","Verification of possibility to navigate to Changes Page from side menu for MultiConfiguration Project"
"passed","Mon Aug 07 06:47:30 GMT 2023","Mon Aug 07 06:47:33 GMT 2023","2145","AllTestsSuite","AllTests","school.redrover.MultiConfigurationProjectTest","school.redrover.MultiConfigurationProjectTest","testRenameFromDropDownMenu","testRenameFromDropDownMenu","Verification of possibility to rename MultiConfiguration project from drop-down menu"
"passed","Mon Aug 07 07:01:13 GMT 2023","Mon Aug 07 07:01:15 GMT 2023","2440","AllTestsSuite","AllTests","school.redrover.FreestyleProjectTest","school.redrover.FreestyleProjectTest","testRenameWithInvalidData","testRenameWithInvalidData",""
"passed","Mon Aug 07 07:23:29 GMT 2023","Mon Aug 07 07:23:31 GMT 2023","2053","AllTestsSuite","AllTests","school.redrover.BreadcrumbTest","school.redrover.BreadcrumbTest","testNavigateToFolderPagesFromDropdownOnBreadcrumb","testNavigateToFolderPagesFromDropdownOnBreadcrumb",""
"passed","Mon Aug 07 07:04:14 GMT 2023","Mon Aug 07 07:04:16 GMT 2023","1492","AllTestsSuite","AllTests","school.redrover.MultibranchPipelineTest","school.redrover.MultibranchPipelineTest","testCreateWithExistingName","testCreateWithExistingName",""
"passed","Mon Aug 07 07:02:43 GMT 2023","Mon Aug 07 07:02:44 GMT 2023","822","AllTestsSuite","AllTests","school.redrover.DashboardTest","school.redrover.DashboardTest","testPreviewDescriptionFromMyViewsPage","testPreviewDescriptionFromMyViewsPage","Verification of the presence of a description preview from My View page"
"passed","Mon Aug 07 07:03:48 GMT 2023","Mon Aug 07 07:03:49 GMT 2023","631","AllTestsSuite","AllTests","school.redrover.MultibranchPipelineTest","school.redrover.MultibranchPipelineTest","testCreateUsingInvalidData","testCreateUsingInvalidData",""
"passed","Mon Aug 07 07:14:55 GMT 2023","Mon Aug 07 07:15:03 GMT 2023","7460","AllTestsSuite","AllTests","school.redrover.PipelineTest","school.redrover.PipelineTest","testBuildChangesFromLastBuild","testBuildChangesFromLastBuild",""
"passed","Mon Aug 07 06:57:32 GMT 2023","Mon Aug 07 06:57:32 GMT 2023","371","AllTestsSuite","AllTests","school.redrover.FreestyleProjectTest","school.redrover.FreestyleProjectTest","testCreateWithDotInsteadOfName","testCreateWithDotInsteadOfName",""
"passed","Mon Aug 07 07:24:36 GMT 2023","Mon Aug 07 07:24:39 GMT 2023","2554","AllTestsSuite","AllTests","school.redrover.BreadcrumbTest","school.redrover.BreadcrumbTest","testNavigateToFreestylePagesFromDropdownOnBreadcrumb","testNavigateToFreestylePagesFromDropdownOnBreadcrumb",""
"passed","Mon Aug 07 07:29:05 GMT 2023","Mon Aug 07 07:29:07 GMT 2023","2000","AllTestsSuite","AllTests","school.redrover.BreadcrumbTest","school.redrover.BreadcrumbTest","testReloadConfigurationFromDiskOfManageJenkinsSubmenu","testReloadConfigurationFromDiskOfManageJenkinsSubmenu",""
"passed","Mon Aug 07 06:57:49 GMT 2023","Mon Aug 07 06:57:57 GMT 2023","7684","AllTestsSuite","AllTests","school.redrover.FreestyleProjectTest","school.redrover.FreestyleProjectTest","testDeleteBuildNowFromDropDown","testDeleteBuildNowFromDropDown",""
"passed","Mon Aug 07 07:09:50 GMT 2023","Mon Aug 07 07:09:52 GMT 2023","2392","AllTestsSuite","AllTests","school.redrover.FolderTest","school.redrover.FolderTest","testEditDescription","testEditDescription",""
"passed","Mon Aug 07 07:30:56 GMT 2023","Mon Aug 07 07:30:58 GMT 2023","1683","AllTestsSuite","AllTests","school.redrover.ViewsTest","school.redrover.ViewsTest","testCreateAJobFromMyViewsPage","testCreateAJobFromMyViewsPage",""
"passed","Mon Aug 07 07:16:38 GMT 2023","Mon Aug 07 07:16:39 GMT 2023","637","AllTestsSuite","AllTests","school.redrover.PipelineTest","school.redrover.PipelineTest","testCreateUsingInvalidDate","testCreateUsingInvalidDate",""
"passed","Mon Aug 07 07:30:17 GMT 2023","Mon Aug 07 07:30:20 GMT 2023","3085","AllTestsSuite","AllTests","school.redrover.ViewsTest","school.redrover.ViewsTest","testAddDescription","testAddDescription",""
"passed","Mon Aug 07 07:12:47 GMT 2023","Mon Aug 07 07:12:48 GMT 2023","1503","AllTestsSuite","AllTests","school.redrover.ManageJenkinsTest","school.redrover.ManageJenkinsTest","testCreateNewAgentNodeByCopyingNonExistingNode","testCreateNewAgentNodeByCopyingNonExistingNode","Create a new agent node by copying non existing nod"
"passed","Mon Aug 07 07:32:16 GMT 2023","Mon Aug 07 07:32:19 GMT 2023","3353","AllTestsSuite","AllTests","school.redrover.ViewsTest","school.redrover.ViewsTest","testEditDescription","testEditDescription",""
"passed","Mon Aug 07 07:30:30 GMT 2023","Mon Aug 07 07:30:32 GMT 2023","2235","AllTestsSuite","AllTests","school.redrover.ViewsTest","school.redrover.ViewsTest","testAddDescriptionForMyViewOnMyView","testAddDescriptionForMyViewOnMyView",""
"passed","Mon Aug 07 07:21:08 GMT 2023","Mon Aug 07 07:21:11 GMT 2023","2358","AllTestsSuite","AllTests","school.redrover.PipelineTest","school.redrover.PipelineTest","testRenameWithInvalidData","testRenameWithInvalidData",""
"passed","Mon Aug 07 07:02:11 GMT 2023","Mon Aug 07 07:02:20 GMT 2023","8872","AllTestsSuite","AllTests","school.redrover.FreestyleProjectTest","school.redrover.FreestyleProjectTest","testUseCustomWorkspaceFromConfigureGeneralAdvanced","testUseCustomWorkspaceFromConfigureGeneralAdvanced",""
"passed","Mon Aug 07 07:03:09 GMT 2023","Mon Aug 07 07:03:10 GMT 2023","1654","AllTestsSuite","AllTests","school.redrover.MultibranchPipelineTest","school.redrover.MultibranchPipelineTest","testCancelDeletingFromDropDownMenu","testCancelDeletingFromDropDownMenu",""
"passed","Mon Aug 07 07:12:19 GMT 2023","Mon Aug 07 07:12:21 GMT 2023","1957","AllTestsSuite","AllTests","school.redrover.FolderTest","school.redrover.FolderTest","testRenameWithInvalidData","testRenameWithInvalidData",""
"passed","Mon Aug 07 07:32:01 GMT 2023","Mon Aug 07 07:32:04 GMT 2023","2725","AllTestsSuite","AllTests","school.redrover.ViewsTest","school.redrover.ViewsTest","testDeleteViewTypesFromViewPage","testDeleteViewTypesFromViewPage",""
"passed","Mon Aug 07 06:36:53 GMT 2023","Mon Aug 07 06:36:53 GMT 2023","1","AllTestsSuite","AllTests","school.redrover.runner.order.OrderForTestsTest","school.redrover.runner.order.OrderForTestsTest","orderMethodsOneGroupDepTest","orderMethodsOneGroupDepTest",""
"passed","Mon Aug 07 06:57:18 GMT 2023","Mon Aug 07 06:57:19 GMT 2023","642","AllTestsSuite","AllTests","school.redrover.FreestyleProjectTest","school.redrover.FreestyleProjectTest","testCreateUsingInvalidData","testCreateUsingInvalidData",""
"passed","Mon Aug 07 07:08:41 GMT 2023","Mon Aug 07 07:08:42 GMT 2023","693","AllTestsSuite","AllTests","school.redrover.FolderTest","school.redrover.FolderTest","testCreateUsingInvalidData","testCreateUsingInvalidData",""
"passed","Mon Aug 07 07:27:00 GMT 2023","Mon Aug 07 07:27:03 GMT 2023","2835","AllTestsSuite","AllTests","school.redrover.BreadcrumbTest","school.redrover.BreadcrumbTest","testNavigateToMyViewsPageFromConfigurationPage","testNavigateToMyViewsPageFromConfigurationPage",""
"passed","Mon Aug 07 06:37:46 GMT 2023","Mon Aug 07 06:37:47 GMT 2023","627","AllTestsSuite","AllTests","school.redrover.HeaderTest","school.redrover.HeaderTest","testSearchError","testSearchError",""
"passed","Mon Aug 07 07:09:07 GMT 2023","Mon Aug 07 07:09:07 GMT 2023","558","AllTestsSuite","AllTests","school.redrover.FolderTest","school.redrover.FolderTest","testCreateWithEmptyName","testCreateWithEmptyName",""
"passed","Mon Aug 07 07:00:01 GMT 2023","Mon Aug 07 07:00:08 GMT 2023","7254","AllTestsSuite","AllTests","school.redrover.FreestyleProjectTest","school.redrover.FreestyleProjectTest","testPresenceOfBuildLinksAfterBuild","testPresenceOfBuildLinksAfterBuild",""
"passed","Mon Aug 07 06:51:23 GMT 2023","Mon Aug 07 06:51:25 GMT 2023","2344","AllTestsSuite","AllTests","school.redrover.UsersTest","school.redrover.UsersTest","testNavigateToPageFromSideMenuOnConfigure","testNavigateToPageFromSideMenuOnConfigure",""
"passed","Mon Aug 07 07:01:32 GMT 2023","Mon Aug 07 07:01:34 GMT 2023","2379","AllTestsSuite","AllTests","school.redrover.FreestyleProjectTest","school.redrover.FreestyleProjectTest","testRenameWithInvalidData","testRenameWithInvalidData",""
"passed","Mon Aug 07 06:41:53 GMT 2023","Mon Aug 07 06:41:55 GMT 2023","1983","AllTestsSuite","AllTests","school.redrover.OrganizationFolderTest","school.redrover.OrganizationFolderTest","testRenameWithInvalidData","testRenameWithInvalidData",""
"passed","Mon Aug 07 07:10:05 GMT 2023","Mon Aug 07 07:10:09 GMT 2023","3545","AllTestsSuite","AllTests","school.redrover.FolderTest","school.redrover.FolderTest","testMoveJobToFolderFromDropDownMenu","testMoveJobToFolderFromDropDownMenu",""
"passed","Mon Aug 07 07:18:25 GMT 2023","Mon Aug 07 07:18:27 GMT 2023","2161","AllTestsSuite","AllTests","school.redrover.PipelineTest","school.redrover.PipelineTest","testEditBuildInformationFromProjectPage","testEditBuildInformationFromProjectPage",""
"passed","Mon Aug 07 07:19:52 GMT 2023","Mon Aug 07 07:20:00 GMT 2023","7417","AllTestsSuite","AllTests","school.redrover.PipelineTest","school.redrover.PipelineTest","testPreviewDescriptionFromBuildPage","testPreviewDescriptionFromBuildPage",""
"passed","Mon Aug 07 07:29:22 GMT 2023","Mon Aug 07 07:29:23 GMT 2023","1534","AllTestsSuite","AllTests","school.redrover.BreadcrumbTest","school.redrover.BreadcrumbTest","testReturnToDashboardPageFromConfigurationPage","testReturnToDashboardPageFromConfigurationPage",""
"passed","Mon Aug 07 07:03:02 GMT 2023","Mon Aug 07 07:03:07 GMT 2023","4904","AllTestsSuite","AllTests","school.redrover.MultibranchPipelineTest","school.redrover.MultibranchPipelineTest","testAddHealthMetrics","testAddHealthMetrics",""
"passed","Mon Aug 07 06:36:53 GMT 2023","Mon Aug 07 06:36:53 GMT 2023","1","AllTestsSuite","AllTests","school.redrover.runner.order.OrderForTestsTest","school.redrover.runner.order.OrderForTestsTest","orderMethodsTwoDifferentGroupsDepTest","orderMethodsTwoDifferentGroupsDepTest",""
"passed","Mon Aug 07 06:45:03 GMT 2023","Mon Aug 07 06:45:04 GMT 2023","713","AllTestsSuite","AllTests","school.redrover.MultiConfigurationProjectTest","school.redrover.MultiConfigurationProjectTest","testCreateUsingInvalidData","testCreateUsingInvalidData","Verification of showing error message while creating MultiConfiguration project with name using unsafe characters"
"passed","Mon Aug 07 06:56:45 GMT 2023","Mon Aug 07 06:56:46 GMT 2023","1460","AllTestsSuite","AllTests","school.redrover.FreestyleProjectTest","school.redrover.FreestyleProjectTest","testCreateFromCreateAJobArrow","testCreateFromCreateAJobArrow",""
"passed","Mon Aug 07 06:36:53 GMT 2023","Mon Aug 07 06:36:53 GMT 2023","1","AllTestsSuite","AllTests","school.redrover.runner.order.OrderForTestsTest","school.redrover.runner.order.OrderForTestsTest","orderMethodsTest","orderMethodsTest",""
"passed","Mon Aug 07 07:31:40 GMT 2023","Mon Aug 07 07:31:43 GMT 2023","3141","AllTestsSuite","AllTests","school.redrover.ViewsTest","school.redrover.ViewsTest","testDeleteMyViewTypesFromViewPage","testDeleteMyViewTypesFromViewPage",""
"passed","Mon Aug 07 07:04:21 GMT 2023","Mon Aug 07 07:04:21 GMT 2023","747","AllTestsSuite","AllTests","school.redrover.MultibranchPipelineTest","school.redrover.MultibranchPipelineTest","testCreateWithSpaceInsteadOfName","testCreateWithSpaceInsteadOfName",""
"passed","Mon Aug 07 06:45:26 GMT 2023","Mon Aug 07 06:45:26 GMT 2023","577","AllTestsSuite","AllTests","school.redrover.MultiConfigurationProjectTest","school.redrover.MultiConfigurationProjectTest","testCreateWithEmptyName","testCreateWithEmptyName","Verification of showing error message while creating MultiConfiguration project with empty name"
"passed","Mon Aug 07 07:16:56 GMT 2023","Mon Aug 07 07:16:56 GMT 2023","635","AllTestsSuite","AllTests","school.redrover.PipelineTest","school.redrover.PipelineTest","testCreateUsingInvalidDate","testCreateUsingInvalidDate",""
"passed","Mon Aug 07 06:44:26 GMT 2023","Mon Aug 07 06:44:28 GMT 2023","1801","AllTestsSuite","AllTests","school.redrover.MultiConfigurationProjectTest","school.redrover.MultiConfigurationProjectTest","testCreateFromManageJenkinsPage","testCreateFromManageJenkinsPage","Verification of creating MultiConfiguration project by clicking +New Item button from Manage Jenkins Page"
"passed","Mon Aug 07 07:21:46 GMT 2023","Mon Aug 07 07:21:54 GMT 2023","7377","AllTestsSuite","AllTests","school.redrover.PipelineTest","school.redrover.PipelineTest","testReplayBuildFromProjectPage","testReplayBuildFromProjectPage",""
"passed","Mon Aug 07 06:53:07 GMT 2023","Mon Aug 07 06:53:10 GMT 2023","2801","AllTestsSuite","AllTests","school.redrover.FreestyleProjectTest","school.redrover.FreestyleProjectTest","testAddDisplayName","testAddDisplayName",""
"passed","Mon Aug 07 07:21:16 GMT 2023","Mon Aug 07 07:21:19 GMT 2023","2391","AllTestsSuite","AllTests","school.redrover.PipelineTest","school.redrover.PipelineTest","testRenameWithInvalidData","testRenameWithInvalidData",""
"passed","Mon Aug 07 06:42:59 GMT 2023","Mon Aug 07 06:43:03 GMT 2023","3697","AllTestsSuite","AllTests","school.redrover.MultiConfigurationProjectTest","school.redrover.MultiConfigurationProjectTest","testAddingAProjectOnGithubToTheMultiConfigurationProject","testAddingAProjectOnGithubToTheMultiConfigurationProject","Verification of possibility to add MultiConfiguration Project on GitHub"
"passed","Mon Aug 07 07:21:37 GMT 2023","Mon Aug 07 07:21:39 GMT 2023","2643","AllTestsSuite","AllTests","school.redrover.PipelineTest","school.redrover.PipelineTest","testReplayBuildFromDropDown","testReplayBuildFromDropDown",""
"passed","Mon Aug 07 06:47:18 GMT 2023","Mon Aug 07 06:47:25 GMT 2023","7274","AllTestsSuite","AllTests","school.redrover.MultiConfigurationProjectTest","school.redrover.MultiConfigurationProjectTest","testPreviewDescriptionFromEditInformationPage","testPreviewDescriptionFromEditInformationPage","Verification of presence preview description of build from Edit Information Page for MultiConfiguration Project"
"passed","Mon Aug 07 07:28:31 GMT 2023","Mon Aug 07 07:28:33 GMT 2023","2327","AllTestsSuite","AllTests","school.redrover.BreadcrumbTest","school.redrover.BreadcrumbTest","testNavigateToPipelineSyntaxFromMultibranchPagesFromDropdownOnBreadcrumb","testNavigateToPipelineSyntaxFromMultibranchPagesFromDropdownOnBreadcrumb",""
"passed","Mon Aug 07 07:10:45 GMT 2023","Mon Aug 07 07:10:49 GMT 2023","3793","AllTestsSuite","AllTests","school.redrover.FolderTest","school.redrover.FolderTest","testMoveJobsToFolderFromSideMenu","testMoveJobsToFolderFromSideMenu",""
"passed","Mon Aug 07 07:04:23 GMT 2023","Mon Aug 07 07:04:25 GMT 2023","2454","AllTestsSuite","AllTests","school.redrover.MultibranchPipelineTest","school.redrover.MultibranchPipelineTest","testCreatingMultibranchProjectsLink","testCreatingMultibranchProjectsLink",""
"passed","Mon Aug 07 06:37:55 GMT 2023","Mon Aug 07 06:37:58 GMT 2023","2374","AllTestsSuite","AllTests","school.redrover.HeaderTest","school.redrover.HeaderTest","testSearchJobWithOneLetter","testSearchJobWithOneLetter",""
"passed","Mon Aug 07 07:03:34 GMT 2023","Mon Aug 07 07:03:35 GMT 2023","1219","AllTestsSuite","AllTests","school.redrover.MultibranchPipelineTest","school.redrover.MultibranchPipelineTest","testCreateFromMyViewsNewItem","testCreateFromMyViewsNewItem",""
"passed","Mon Aug 07 07:16:06 GMT 2023","Mon Aug 07 07:16:07 GMT 2023","1373","AllTestsSuite","AllTests","school.redrover.PipelineTest","school.redrover.PipelineTest","testCreateFromBuildHistoryPage","testCreateFromBuildHistoryPage",""
"passed","Mon Aug 07 06:58:02 GMT 2023","Mon Aug 07 06:58:05 GMT 2023","2294","AllTestsSuite","AllTests","school.redrover.FreestyleProjectTest","school.redrover.FreestyleProjectTest","testDeleteBuildNowFromSideMenu","testDeleteBuildNowFromSideMenu",""
"passed","Mon Aug 07 07:03:25 GMT 2023","Mon Aug 07 07:03:27 GMT 2023","1140","AllTestsSuite","AllTests","school.redrover.MultibranchPipelineTest","school.redrover.MultibranchPipelineTest","testCreateFromCreateAJob","testCreateFromCreateAJob",""
"passed","Mon Aug 07 06:40:42 GMT 2023","Mon Aug 07 06:40:44 GMT 2023","1731","AllTestsSuite","AllTests","school.redrover.OrganizationFolderTest","school.redrover.OrganizationFolderTest","testDeleteItemFromSideMenu","testDeleteItemFromSideMenu",""
"passed","Mon Aug 07 06:39:38 GMT 2023","Mon Aug 07 06:39:39 GMT 2023","1044","AllTestsSuite","AllTests","school.redrover.OrganizationFolderTest","school.redrover.OrganizationFolderTest","testCreateFromPeoplePage","testCreateFromPeoplePage",""
"passed","Mon Aug 07 06:45:19 GMT 2023","Mon Aug 07 06:45:20 GMT 2023","691","AllTestsSuite","AllTests","school.redrover.MultiConfigurationProjectTest","school.redrover.MultiConfigurationProjectTest","testCreateUsingInvalidData","testCreateUsingInvalidData","Verification of showing error message while creating MultiConfiguration project with name using unsafe characters"
"passed","Mon Aug 07 07:14:20 GMT 2023","Mon Aug 07 07:14:23 GMT 2023","2825","AllTestsSuite","AllTests","school.redrover.PipelineTest","school.redrover.PipelineTest","testAddDescriptionFromConfigurationPage","testAddDescriptionFromConfigurationPage",""
"passed","Mon Aug 07 07:04:12 GMT 2023","Mon Aug 07 07:04:13 GMT 2023","560","AllTestsSuite","AllTests","school.redrover.MultibranchPipelineTest","school.redrover.MultibranchPipelineTest","testCreateWithEmptyName","testCreateWithEmptyName",""
"passed","Mon Aug 07 06:40:13 GMT 2023","Mon Aug 07 06:40:14 GMT 2023","554","AllTestsSuite","AllTests","school.redrover.OrganizationFolderTest","school.redrover.OrganizationFolderTest","testCreateWithDotInsteadOfName","testCreateWithDotInsteadOfName",""
"passed","Mon Aug 07 07:08:28 GMT 2023","Mon Aug 07 07:08:29 GMT 2023","667","AllTestsSuite","AllTests","school.redrover.FolderTest","school.redrover.FolderTest","testCreateUsingInvalidData","testCreateUsingInvalidData",""
"passed","Mon Aug 07 07:03:53 GMT 2023","Mon Aug 07 07:03:53 GMT 2023","386","AllTestsSuite","AllTests","school.redrover.MultibranchPipelineTest","school.redrover.MultibranchPipelineTest","testCreateUsingInvalidData","testCreateUsingInvalidData",""
"passed","Mon Aug 07 06:52:11 GMT 2023","Mon Aug 07 06:52:12 GMT 2023","617","AllTestsSuite","AllTests","school.redrover.UsersTest","school.redrover.UsersTest","testSortArrowModeChangesAfterClickingSortHeaderButton","testSortArrowModeChangesAfterClickingSortHeaderButton",""
"passed","Mon Aug 07 06:44:04 GMT 2023","Mon Aug 07 06:44:06 GMT 2023","2110","AllTestsSuite","AllTests","school.redrover.MultiConfigurationProjectTest","school.redrover.MultiConfigurationProjectTest","testCreateBuildNowFromArrow","testCreateBuildNowFromArrow","Verification of possibility to build  MultiConfiguration project by clicking green arrow"
"passed","Mon Aug 07 06:40:53 GMT 2023","Mon Aug 07 06:40:56 GMT 2023","2932","AllTestsSuite","AllTests","school.redrover.OrganizationFolderTest","school.redrover.OrganizationFolderTest","testEnableFromConfigurationPage","testEnableFromConfigurationPage",""
"passed","Mon Aug 07 07:27:33 GMT 2023","Mon Aug 07 07:27:36 GMT 2023","2540","AllTestsSuite","AllTests","school.redrover.BreadcrumbTest","school.redrover.BreadcrumbTest","testNavigateToOrgFolderPagesFromDropdownOnBreadcrumb","testNavigateToOrgFolderPagesFromDropdownOnBreadcrumb",""
"passed","Mon Aug 07 07:04:53 GMT 2023","Mon Aug 07 07:04:55 GMT 2023","1658","AllTestsSuite","AllTests","school.redrover.MultibranchPipelineTest","school.redrover.MultibranchPipelineTest","testDeleteItemFromSideMenu","testDeleteItemFromSideMenu",""
"passed","Mon Aug 07 07:16:34 GMT 2023","Mon Aug 07 07:16:35 GMT 2023","414","AllTestsSuite","AllTests","school.redrover.PipelineTest","school.redrover.PipelineTest","testCreateUsingInvalidDate","testCreateUsingInvalidDate",""
"passed","Mon Aug 07 07:20:17 GMT 2023","Mon Aug 07 07:20:24 GMT 2023","6879","AllTestsSuite","AllTests","school.redrover.PipelineTest","school.redrover.PipelineTest","testProjectChangesFromSideMenu","testProjectChangesFromSideMenu",""
"passed","Mon Aug 07 07:15:24 GMT 2023","Mon Aug 07 07:15:26 GMT 2023","2497","AllTestsSuite","AllTests","school.redrover.PipelineTest","school.redrover.PipelineTest","testConsoleOutputFromLastBuild","testConsoleOutputFromLastBuild",""
"passed","Mon Aug 07 07:29:25 GMT 2023","Mon Aug 07 07:29:27 GMT 2023","1683","AllTestsSuite","AllTests","school.redrover.BreadcrumbTest","school.redrover.BreadcrumbTest","testReturnToDashboardPageFromConfigurationPage","testReturnToDashboardPageFromConfigurationPage",""
"passed","Mon Aug 07 07:24:54 GMT 2023","Mon Aug 07 07:24:55 GMT 2023","1473","AllTestsSuite","AllTests","school.redrover.BreadcrumbTest","school.redrover.BreadcrumbTest","testNavigateToManageJenkinsFromDropDown","testNavigateToManageJenkinsFromDropDown",""
"passed","Mon Aug 07 07:08:05 GMT 2023","Mon Aug 07 07:08:06 GMT 2023","1114","AllTestsSuite","AllTests","school.redrover.FolderTest","school.redrover.FolderTest","testCreateFromMyViewsCreateAJob","testCreateFromMyViewsCreateAJob",""
"passed","Mon Aug 07 07:16:58 GMT 2023","Mon Aug 07 07:16:58 GMT 2023","642","AllTestsSuite","AllTests","school.redrover.PipelineTest","school.redrover.PipelineTest","testCreateUsingInvalidDate","testCreateUsingInvalidDate",""
"passed","Mon Aug 07 06:41:34 GMT 2023","Mon Aug 07 06:41:36 GMT 2023","2129","AllTestsSuite","AllTests","school.redrover.OrganizationFolderTest","school.redrover.OrganizationFolderTest","testRenameWithInvalidData","testRenameWithInvalidData",""
"passed","Mon Aug 07 06:59:13 GMT 2023","Mon Aug 07 06:59:26 GMT 2023","13495","AllTestsSuite","AllTests","school.redrover.FreestyleProjectTest","school.redrover.FreestyleProjectTest","testEnableFromConfigurationPage","testEnableFromConfigurationPage",""
"passed","Mon Aug 07 07:03:12 GMT 2023","Mon Aug 07 07:03:14 GMT 2023","2013","AllTestsSuite","AllTests","school.redrover.MultibranchPipelineTest","school.redrover.MultibranchPipelineTest","testCancelDeletingFromSideMenu","testCancelDeletingFromSideMenu",""
"passed","Mon Aug 07 07:22:14 GMT 2023","Mon Aug 07 07:22:16 GMT 2023","1954","AllTestsSuite","AllTests","school.redrover.PipelineTest","school.redrover.PipelineTest","testWorkspacesBuildFromDropDown","testWorkspacesBuildFromDropDown",""
"passed","Mon Aug 07 07:15:47 GMT 2023","Mon Aug 07 07:15:54 GMT 2023","7038","AllTestsSuite","AllTests","school.redrover.PipelineTest","school.redrover.PipelineTest","testCreateBuildNowFromSideMenu","testCreateBuildNowFromSideMenu",""
"passed","Mon Aug 07 06:40:58 GMT 2023","Mon Aug 07 06:41:00 GMT 2023","2203","AllTestsSuite","AllTests","school.redrover.OrganizationFolderTest","school.redrover.OrganizationFolderTest","testEnableFromProjectPage","testEnableFromProjectPage",""
"unknown","Mon Aug 07 06:36:52 GMT 2023","Mon Aug 07 06:36:52 GMT 2023","0","AllTestsSuite","AllTests","school.redrover.BuildHistoryTest","school.redrover.BuildHistoryTest","testBuildHistoryOfTwoDifferentTypesProjectsIsShown","testBuildHistoryOfTwoDifferentTypesProjectsIsShown",""
"passed","Mon Aug 07 07:29:14 GMT 2023","Mon Aug 07 07:29:16 GMT 2023","2232","AllTestsSuite","AllTests","school.redrover.BreadcrumbTest","school.redrover.BreadcrumbTest","testReturnToDashboardPageFromConfigurationPage","testReturnToDashboardPageFromConfigurationPage",""
"passed","Mon Aug 07 06:47:54 GMT 2023","Mon Aug 07 06:47:56 GMT 2023","2090","AllTestsSuite","AllTests","school.redrover.MultiConfigurationProjectTest","school.redrover.MultiConfigurationProjectTest","testRenameWithInvalidData","testRenameWithInvalidData","Verification of impossibility to rename MultiConfiguration project with unsafe data"
"passed","Mon Aug 07 06:54:30 GMT 2023","Mon Aug 07 06:54:34 GMT 2023","3670","AllTestsSuite","AllTests","school.redrover.FreestyleProjectTest","school.redrover.FreestyleProjectTest","testBuildStepsInvokeMavenGoalsTargets","testBuildStepsInvokeMavenGoalsTargets",""
"passed","Mon Aug 07 06:56:54 GMT 2023","Mon Aug 07 06:56:56 GMT 2023","1466","AllTestsSuite","AllTests","school.redrover.FreestyleProjectTest","school.redrover.FreestyleProjectTest","testCreateFromMyViewsNewItem","testCreateFromMyViewsNewItem",""
"passed","Mon Aug 07 06:48:05 GMT 2023","Mon Aug 07 06:48:08 GMT 2023","2504","AllTestsSuite","AllTests","school.redrover.MultiConfigurationProjectTest","school.redrover.MultiConfigurationProjectTest","testRenameWithInvalidData","testRenameWithInvalidData","Verification of impossibility to rename MultiConfiguration project with unsafe data"
"passed","Mon Aug 07 07:26:36 GMT 2023","Mon Aug 07 07:26:38 GMT 2023","2061","AllTestsSuite","AllTests","school.redrover.BreadcrumbTest","school.redrover.BreadcrumbTest","testNavigateToMultibranchPagesFromDropdownOnBreadcrumb","testNavigateToMultibranchPagesFromDropdownOnBreadcrumb",""
"passed","Mon Aug 07 07:16:49 GMT 2023","Mon Aug 07 07:16:50 GMT 2023","639","AllTestsSuite","AllTests","school.redrover.PipelineTest","school.redrover.PipelineTest","testCreateUsingInvalidDate","testCreateUsingInvalidDate",""
"passed","Mon Aug 07 06:44:50 GMT 2023","Mon Aug 07 06:44:51 GMT 2023","458","AllTestsSuite","AllTests","school.redrover.MultiConfigurationProjectTest","school.redrover.MultiConfigurationProjectTest","testCreateUsingInvalidData","testCreateUsingInvalidData","Verification of showing error message while creating MultiConfiguration project with name using unsafe characters"
"passed","Mon Aug 07 06:42:07 GMT 2023","Mon Aug 07 06:42:10 GMT 2023","2074","AllTestsSuite","AllTests","school.redrover.OrganizationFolderTest","school.redrover.OrganizationFolderTest","testRenameWithInvalidData","testRenameWithInvalidData",""
"passed","Mon Aug 07 06:57:25 GMT 2023","Mon Aug 07 06:57:26 GMT 2023","652","AllTestsSuite","AllTests","school.redrover.FreestyleProjectTest","school.redrover.FreestyleProjectTest","testCreateUsingInvalidData","testCreateUsingInvalidData",""
"passed","Mon Aug 07 07:27:09 GMT 2023","Mon Aug 07 07:27:12 GMT 2023","2281","AllTestsSuite","AllTests","school.redrover.BreadcrumbTest","school.redrover.BreadcrumbTest","testNavigateToMyViewsPageFromConfigurationPage","testNavigateToMyViewsPageFromConfigurationPage",""
"passed","Mon Aug 07 07:02:40 GMT 2023","Mon Aug 07 07:02:41 GMT 2023","1220","AllTestsSuite","AllTests","school.redrover.DashboardTest","school.redrover.DashboardTest","testEditDescription","testEditDescription","Verify of description field editing"
"passed","Mon Aug 07 07:03:55 GMT 2023","Mon Aug 07 07:03:56 GMT 2023","398","AllTestsSuite","AllTests","school.redrover.MultibranchPipelineTest","school.redrover.MultibranchPipelineTest","testCreateUsingInvalidData","testCreateUsingInvalidData",""
"passed","Mon Aug 07 07:00:35 GMT 2023","Mon Aug 07 07:00:37 GMT 2023","2119","AllTestsSuite","AllTests","school.redrover.FreestyleProjectTest","school.redrover.FreestyleProjectTest","testRenameFromDropDownMenu","testRenameFromDropDownMenu",""
"passed","Mon Aug 07 06:59:59 GMT 2023","Mon Aug 07 06:59:59 GMT 2023","547","AllTestsSuite","AllTests","school.redrover.FreestyleProjectTest","school.redrover.FreestyleProjectTest","testOKButtonIsDisabledWhenEmptyName","testOKButtonIsDisabledWhenEmptyName",""
"passed","Mon Aug 07 06:41:28 GMT 2023","Mon Aug 07 06:41:29 GMT 2023","1538","AllTestsSuite","AllTests","school.redrover.OrganizationFolderTest","school.redrover.OrganizationFolderTest","testRenameWithDotName","testRenameWithDotName",""
"passed","Mon Aug 07 07:15:28 GMT 2023","Mon Aug 07 07:15:35 GMT 2023","7344","AllTestsSuite","AllTests","school.redrover.PipelineTest","school.redrover.PipelineTest","testConsoleOutputFromProjectPage","testConsoleOutputFromProjectPage",""
"passed","Mon Aug 07 07:03:16 GMT 2023","Mon Aug 07 07:03:18 GMT 2023","2457","AllTestsSuite","AllTests","school.redrover.MultibranchPipelineTest","school.redrover.MultibranchPipelineTest","testChooseDefaultIcon","testChooseDefaultIcon",""
"passed","Mon Aug 07 07:04:06 GMT 2023","Mon Aug 07 07:04:06 GMT 2023","633","AllTestsSuite","AllTests","school.redrover.MultibranchPipelineTest","school.redrover.MultibranchPipelineTest","testCreateUsingInvalidData","testCreateUsingInvalidData",""
"passed","Mon Aug 07 07:19:11 GMT 2023","Mon Aug 07 07:19:19 GMT 2023","8118","AllTestsSuite","AllTests","school.redrover.PipelineTest","school.redrover.PipelineTest","testPipelineBuildingAfterChangesInCode","testPipelineBuildingAfterChangesInCode",""
"passed","Mon Aug 07 07:11:52 GMT 2023","Mon Aug 07 07:11:53 GMT 2023","1777","AllTestsSuite","AllTests","school.redrover.FolderTest","school.redrover.FolderTest","testRenameWithInvalidData","testRenameWithInvalidData",""
"passed","Mon Aug 07 06:56:24 GMT 2023","Mon Aug 07 06:56:28 GMT 2023","4706","AllTestsSuite","AllTests","school.redrover.FreestyleProjectTest","school.redrover.FreestyleProjectTest","testCreateBuildNowFromDropDown","testCreateBuildNowFromDropDown",""
"passed","Mon Aug 07 06:57:03 GMT 2023","Mon Aug 07 06:57:04 GMT 2023","645","AllTestsSuite","AllTests","school.redrover.FreestyleProjectTest","school.redrover.FreestyleProjectTest","testCreateUsingInvalidData","testCreateUsingInvalidData",""
"passed","Mon Aug 07 07:22:10 GMT 2023","Mon Aug 07 07:22:12 GMT 2023","2109","AllTestsSuite","AllTests","school.redrover.PipelineTest","school.redrover.PipelineTest","testThisProjectIsParameterizedCheckAllParameters","testThisProjectIsParameterizedCheckAllParameters",""
"passed","Mon Aug 07 07:20:26 GMT 2023","Mon Aug 07 07:20:28 GMT 2023","2289","AllTestsSuite","AllTests","school.redrover.PipelineTest","school.redrover.PipelineTest","testRenameFromDropDown","testRenameFromDropDown",""
"passed","Mon Aug 07 07:09:03 GMT 2023","Mon Aug 07 07:09:03 GMT 2023","687","AllTestsSuite","AllTests","school.redrover.FolderTest","school.redrover.FolderTest","testCreateUsingInvalidData","testCreateUsingInvalidData",""
"passed","Mon Aug 07 07:14:42 GMT 2023","Mon Aug 07 07:14:45 GMT 2023","2576","AllTestsSuite","AllTests","school.redrover.PipelineTest","school.redrover.PipelineTest","testAddDisplayNameForBuild","testAddDisplayNameForBuild",""
"passed","Mon Aug 07 07:13:41 GMT 2023","Mon Aug 07 07:13:42 GMT 2023","567","AllTestsSuite","AllTests","school.redrover.ManageJenkinsTest","school.redrover.ManageJenkinsTest","testSearchSettingsItemsByKeyword","testSearchSettingsItemsByKeyword","Verify access search field using keywords"
"passed","Mon Aug 07 07:06:10 GMT 2023","Mon Aug 07 07:06:12 GMT 2023","2061","AllTestsSuite","AllTests","school.redrover.MultibranchPipelineTest","school.redrover.MultibranchPipelineTest","testRenameWithInvalidData","testRenameWithInvalidData",""
"passed","Mon Aug 07 06:59:32 GMT 2023","Mon Aug 07 06:59:36 GMT 2023","3607","AllTestsSuite","AllTests","school.redrover.FreestyleProjectTest","school.redrover.FreestyleProjectTest","testEnableJenkinsToBlockBuildsWhenUpstreamProjectIsBuilding","testEnableJenkinsToBlockBuildsWhenUpstreamProjectIsBuilding",""
"passed","Mon Aug 07 06:38:28 GMT 2023","Mon Aug 07 06:38:30 GMT 2023","1967","AllTestsSuite","AllTests","school.redrover.ConfigureGlobalSecurityTest","school.redrover.ConfigureGlobalSecurityTest","testRadioButtonsAreClickable","testRadioButtonsAreClickable",""
"passed","Mon Aug 07 07:12:50 GMT 2023","Mon Aug 07 07:12:52 GMT 2023","2078","AllTestsSuite","AllTests","school.redrover.ManageJenkinsTest","school.redrover.ManageJenkinsTest","testCreateNewAgentNodeWithDescription","testCreateNewAgentNodeWithDescription","Create a new agent node with description"
"passed","Mon Aug 07 06:48:52 GMT 2023","Mon Aug 07 06:48:53 GMT 2023","591","AllTestsSuite","AllTests","school.redrover.UsersTest","school.redrover.UsersTest","testCreateUserButtonClickable","testCreateUserButtonClickable",""
"passed","Mon Aug 07 07:13:32 GMT 2023","Mon Aug 07 07:13:33 GMT 2023","577","AllTestsSuite","AllTests","school.redrover.ManageJenkinsTest","school.redrover.ManageJenkinsTest","testSearchSettingsItemsByKeyword","testSearchSettingsItemsByKeyword","Verify access search field using keywords"
"passed","Mon Aug 07 06:41:24 GMT 2023","Mon Aug 07 06:41:26 GMT 2023","1946","AllTestsSuite","AllTests","school.redrover.OrganizationFolderTest","school.redrover.OrganizationFolderTest","testRenameToTheCurrentNameAndGetError","testRenameToTheCurrentNameAndGetError",""
"passed","Mon Aug 07 07:01:51 GMT 2023","Mon Aug 07 07:01:54 GMT 2023","3379","AllTestsSuite","AllTests","school.redrover.FreestyleProjectTest","school.redrover.FreestyleProjectTest","testSetNumberOfCountForJenkinsToCheckOutFromTheSCMUntilItSucceeds","testSetNumberOfCountForJenkinsToCheckOutFromTheSCMUntilItSucceeds",""
"passed","Mon Aug 07 07:05:21 GMT 2023","Mon Aug 07 07:05:22 GMT 2023","1768","AllTestsSuite","AllTests","school.redrover.MultibranchPipelineTest","school.redrover.MultibranchPipelineTest","testNavigateToPeoplePageFromProjectPage","testNavigateToPeoplePageFromProjectPage",""
"passed","Mon Aug 07 07:22:53 GMT 2023","Mon Aug 07 07:22:56 GMT 2023","2332","AllTestsSuite","AllTests","school.redrover.BreadcrumbTest","school.redrover.BreadcrumbTest","testNavigateToBuildHistoryPageFromProjectPage","testNavigateToBuildHistoryPageFromProjectPage",""
"passed","Mon Aug 07 06:46:05 GMT 2023","Mon Aug 07 06:46:17 GMT 2023","12469","AllTestsSuite","AllTests","school.redrover.MultiConfigurationProjectTest","school.redrover.MultiConfigurationProjectTest","testDisableFromConfigurationPage","testDisableFromConfigurationPage","Verification of possibility to disable MultiConfiguration Project from Configuration Page"
"passed","Mon Aug 07 07:27:54 GMT 2023","Mon Aug 07 07:27:56 GMT 2023","2451","AllTestsSuite","AllTests","school.redrover.BreadcrumbTest","school.redrover.BreadcrumbTest","testNavigateToOrgFolderPagesFromDropdownOnBreadcrumb","testNavigateToOrgFolderPagesFromDropdownOnBreadcrumb",""
"passed","Mon Aug 07 07:05:07 GMT 2023","Mon Aug 07 07:05:09 GMT 2023","1936","AllTestsSuite","AllTests","school.redrover.MultibranchPipelineTest","school.redrover.MultibranchPipelineTest","testEnableFromProjectPage","testEnableFromProjectPage",""
"passed","Mon Aug 07 07:09:24 GMT 2023","Mon Aug 07 07:09:42 GMT 2023","17306","AllTestsSuite","AllTests","school.redrover.FolderTest","school.redrover.FolderTest","testDeleteHealthMetrics","testDeleteHealthMetrics",""
"passed","Mon Aug 07 06:40:24 GMT 2023","Mon Aug 07 06:40:25 GMT 2023","554","AllTestsSuite","AllTests","school.redrover.OrganizationFolderTest","school.redrover.OrganizationFolderTest","testCreateWithSpaceInsteadOfName","testCreateWithSpaceInsteadOfName",""
"passed","Mon Aug 07 07:30:07 GMT 2023","Mon Aug 07 07:30:10 GMT 2023","3002","AllTestsSuite","AllTests","school.redrover.ViewsTest","school.redrover.ViewsTest","testAddDescription","testAddDescription",""
"passed","Mon Aug 07 07:09:21 GMT 2023","Mon Aug 07 07:09:23 GMT 2023","1917","AllTestsSuite","AllTests","school.redrover.FolderTest","school.redrover.FolderTest","testDeleteDisplayName","testDeleteDisplayName",""
"passed","Mon Aug 07 07:05:28 GMT 2023","Mon Aug 07 07:05:30 GMT 2023","1956","AllTestsSuite","AllTests","school.redrover.MultibranchPipelineTest","school.redrover.MultibranchPipelineTest","testPreviewDescriptionFromConfigurationPage","testPreviewDescriptionFromConfigurationPage",""
"passed","Mon Aug 07 06:44:45 GMT 2023","Mon Aug 07 06:44:46 GMT 2023","693","AllTestsSuite","AllTests","school.redrover.MultiConfigurationProjectTest","school.redrover.MultiConfigurationProjectTest","testCreateUsingInvalidData","testCreateUsingInvalidData","Verification of showing error message while creating MultiConfiguration project with name using unsafe characters"
"passed","Mon Aug 07 07:25:40 GMT 2023","Mon Aug 07 07:25:42 GMT 2023","2015","AllTestsSuite","AllTests","school.redrover.BreadcrumbTest","school.redrover.BreadcrumbTest","testNavigateToManageJenkinsSubsection","testNavigateToManageJenkinsSubsection",""
"passed","Mon Aug 07 06:55:26 GMT 2023","Mon Aug 07 06:55:48 GMT 2023","22014","AllTestsSuite","AllTests","school.redrover.FreestyleProjectTest","school.redrover.FreestyleProjectTest","testConfigurePostBuildActionEditableEmailNotification","testConfigurePostBuildActionEditableEmailNotification",""
"passed","Mon Aug 07 07:16:41 GMT 2023","Mon Aug 07 07:16:41 GMT 2023","646","AllTestsSuite","AllTests","school.redrover.PipelineTest","school.redrover.PipelineTest","testCreateUsingInvalidDate","testCreateUsingInvalidDate",""
"passed","Mon Aug 07 07:25:32 GMT 2023","Mon Aug 07 07:25:34 GMT 2023","2135","AllTestsSuite","AllTests","school.redrover.BreadcrumbTest","school.redrover.BreadcrumbTest","testNavigateToManageJenkinsSubsection","testNavigateToManageJenkinsSubsection",""
"passed","Mon Aug 07 06:49:12 GMT 2023","Mon Aug 07 06:49:24 GMT 2023","12421","AllTestsSuite","AllTests","school.redrover.UsersTest","school.redrover.UsersTest","testDeleteFromConfigure","testDeleteFromConfigure",""
"passed","Mon Aug 07 07:01:05 GMT 2023","Mon Aug 07 07:01:07 GMT 2023","2244","AllTestsSuite","AllTests","school.redrover.FreestyleProjectTest","school.redrover.FreestyleProjectTest","testRenameWithInvalidData","testRenameWithInvalidData",""
"passed","Mon Aug 07 07:23:17 GMT 2023","Mon Aug 07 07:23:19 GMT 2023","1959","AllTestsSuite","AllTests","school.redrover.BreadcrumbTest","school.redrover.BreadcrumbTest","testNavigateToFolderPagesFromDropdownOnBreadcrumb","testNavigateToFolderPagesFromDropdownOnBreadcrumb",""
"passed","Mon Aug 07 06:57:34 GMT 2023","Mon Aug 07 06:57:34 GMT 2023","320","AllTestsSuite","AllTests","school.redrover.FreestyleProjectTest","school.redrover.FreestyleProjectTest","testCreateWithEmptyName","testCreateWithEmptyName",""
"passed","Mon Aug 07 06:39:21 GMT 2023","Mon Aug 07 06:39:22 GMT 2023","1279","AllTestsSuite","AllTests","school.redrover.OrganizationFolderTest","school.redrover.OrganizationFolderTest","testCreateFromCreateAJob","testCreateFromCreateAJob",""
"unknown","Mon Aug 07 06:36:53 GMT 2023","Mon Aug 07 06:36:53 GMT 2023","0","AllTestsSuite","AllTests","school.redrover.BuildHistoryTest","school.redrover.BuildHistoryTest","verifyStatusBroken","verifyStatusBroken",""
"passed","Mon Aug 07 07:24:05 GMT 2023","Mon Aug 07 07:24:13 GMT 2023","7941","AllTestsSuite","AllTests","school.redrover.BreadcrumbTest","school.redrover.BreadcrumbTest","testNavigateToFreestyleDeletePageFromDropdownOnBreadcrumb","testNavigateToFreestyleDeletePageFromDropdownOnBreadcrumb",""
"passed","Mon Aug 07 06:36:53 GMT 2023","Mon Aug 07 06:36:53 GMT 2023","12","AllTestsSuite","AllTests","school.redrover.runner.order.OrderForTestsTest","school.redrover.runner.order.OrderForTestsTest","orderMethodsCycleDepTest","orderMethodsCycleDepTest",""
"passed","Mon Aug 07 07:30:59 GMT 2023","Mon Aug 07 07:31:01 GMT 2023","2053","AllTestsSuite","AllTests","school.redrover.ViewsTest","school.redrover.ViewsTest","testCreateMyViewInFolder","testCreateMyViewInFolder",""
"passed","Mon Aug 07 06:39:51 GMT 2023","Mon Aug 07 06:39:52 GMT 2023","665","AllTestsSuite","AllTests","school.redrover.OrganizationFolderTest","school.redrover.OrganizationFolderTest","testCreateUsingInvalidData","testCreateUsingInvalidData",""
"passed","Mon Aug 07 06:37:51 GMT 2023","Mon Aug 07 06:37:54 GMT 2023","2669","AllTestsSuite","AllTests","school.redrover.HeaderTest","school.redrover.HeaderTest","testSearchJobWithFullJobName","testSearchJobWithFullJobName",""
"passed","Mon Aug 07 06:43:37 GMT 2023","Mon Aug 07 06:43:39 GMT 2023","2091","AllTestsSuite","AllTests","school.redrover.MultiConfigurationProjectTest","school.redrover.MultiConfigurationProjectTest","testCheckGeneralParametersDisplayedAndClickable","testCheckGeneralParametersDisplayedAndClickable","Verification for general parameters are visible and clickable for MultiConfiguration Project drop-down menu"
"passed","Mon Aug 07 06:57:29 GMT 2023","Mon Aug 07 06:57:30 GMT 2023","698","AllTestsSuite","AllTests","school.redrover.FreestyleProjectTest","school.redrover.FreestyleProjectTest","testCreateUsingInvalidData","testCreateUsingInvalidData",""
"passed","Mon Aug 07 07:17:05 GMT 2023","Mon Aug 07 07:17:06 GMT 2023","568","AllTestsSuite","AllTests","school.redrover.PipelineTest","school.redrover.PipelineTest","testCreateWithEmptyName","testCreateWithEmptyName",""
"passed","Mon Aug 07 07:11:55 GMT 2023","Mon Aug 07 07:11:57 GMT 2023","1902","AllTestsSuite","AllTests","school.redrover.FolderTest","school.redrover.FolderTest","testRenameWithInvalidData","testRenameWithInvalidData",""
"passed","Mon Aug 07 06:57:23 GMT 2023","Mon Aug 07 06:57:23 GMT 2023","414","AllTestsSuite","AllTests","school.redrover.FreestyleProjectTest","school.redrover.FreestyleProjectTest","testCreateUsingInvalidData","testCreateUsingInvalidData",""
"passed","Mon Aug 07 07:16:15 GMT 2023","Mon Aug 07 07:16:17 GMT 2023","1837","AllTestsSuite","AllTests","school.redrover.PipelineTest","school.redrover.PipelineTest","testCreateFromMyViewsCreateAJob","testCreateFromMyViewsCreateAJob",""
"passed","Mon Aug 07 07:13:54 GMT 2023","Mon Aug 07 07:13:55 GMT 2023","1311","AllTestsSuite","AllTests","school.redrover.ManageJenkinsTest","school.redrover.ManageJenkinsTest","testServerHelpInfo","testServerHelpInfo","Verify help info is displayed"
"passed","Mon Aug 07 07:11:24 GMT 2023","Mon Aug 07 07:11:26 GMT 2023","1904","AllTestsSuite","AllTests","school.redrover.FolderTest","school.redrover.FolderTest","testRenameWithInvalidData","testRenameWithInvalidData",""
"passed","Mon Aug 07 07:24:27 GMT 2023","Mon Aug 07 07:24:30 GMT 2023","2722","AllTestsSuite","AllTests","school.redrover.BreadcrumbTest","school.redrover.BreadcrumbTest","testNavigateToFreestylePagesFromDropdownOnBreadcrumb","testNavigateToFreestylePagesFromDropdownOnBreadcrumb",""
"passed","Mon Aug 07 07:25:13 GMT 2023","Mon Aug 07 07:25:16 GMT 2023","2551","AllTestsSuite","AllTests","school.redrover.BreadcrumbTest","school.redrover.BreadcrumbTest","testNavigateToManageJenkinsSubsection","testNavigateToManageJenkinsSubsection",""
"passed","Mon Aug 07 07:05:11 GMT 2023","Mon Aug 07 07:05:12 GMT 2023","1002","AllTestsSuite","AllTests","school.redrover.MultibranchPipelineTest","school.redrover.MultibranchPipelineTest","testFindCreatedMultibranchPipelineOnMainPage","testFindCreatedMultibranchPipelineOnMainPage",""
"passed","Mon Aug 07 07:15:15 GMT 2023","Mon Aug 07 07:15:18 GMT 2023","2592","AllTestsSuite","AllTests","school.redrover.PipelineTest","school.redrover.PipelineTest","testConsoleOutputFromBuildPage","testConsoleOutputFromBuildPage",""
"passed","Mon Aug 07 06:37:39 GMT 2023","Mon Aug 07 06:37:39 GMT 2023","702","AllTestsSuite","AllTests","school.redrover.HeaderTest","school.redrover.HeaderTest","testReturnToDashboardFromSideMenuPages","testReturnToDashboardFromSideMenuPages",""
"passed","Mon Aug 07 06:44:55 GMT 2023","Mon Aug 07 06:44:55 GMT 2023","704","AllTestsSuite","AllTests","school.redrover.MultiConfigurationProjectTest","school.redrover.MultiConfigurationProjectTest","testCreateUsingInvalidData","testCreateUsingInvalidData","Verification of showing error message while creating MultiConfiguration project with name using unsafe characters"
"passed","Mon Aug 07 06:42:25 GMT 2023","Mon Aug 07 06:42:28 GMT 2023","2256","AllTestsSuite","AllTests","school.redrover.MultiConfigurationProjectTest","school.redrover.MultiConfigurationProjectTest","testAccessConfigurationPageFromDropDown","testAccessConfigurationPageFromDropDown","Verification of possibility to navigate to Configuration Page from drop-down menu for MultiConfiguration Project"
"passed","Mon Aug 07 07:10:10 GMT 2023","Mon Aug 07 07:10:14 GMT 2023","3543","AllTestsSuite","AllTests","school.redrover.FolderTest","school.redrover.FolderTest","testMoveJobToFolderFromDropDownMenu","testMoveJobToFolderFromDropDownMenu",""
"passed","Mon Aug 07 06:57:58 GMT 2023","Mon Aug 07 06:58:01 GMT 2023","2178","AllTestsSuite","AllTests","school.redrover.FreestyleProjectTest","school.redrover.FreestyleProjectTest","testDeleteBuildNowFromLastBuild","testDeleteBuildNowFromLastBuild",""
"passed","Mon Aug 07 06:48:22 GMT 2023","Mon Aug 07 06:48:24 GMT 2023","2212","AllTestsSuite","AllTests","school.redrover.MultiConfigurationProjectTest","school.redrover.MultiConfigurationProjectTest","testRenameWithInvalidData","testRenameWithInvalidData","Verification of impossibility to rename MultiConfiguration project with unsafe data"
"passed","Mon Aug 07 07:11:27 GMT 2023","Mon Aug 07 07:11:29 GMT 2023","1978","AllTestsSuite","AllTests","school.redrover.FolderTest","school.redrover.FolderTest","testRenameWithInvalidData","testRenameWithInvalidData",""
"passed","Mon Aug 07 07:31:03 GMT 2023","Mon Aug 07 07:31:05 GMT 2023","2560","AllTestsSuite","AllTests","school.redrover.ViewsTest","school.redrover.ViewsTest","testCreateMyViewTypes","testCreateMyViewTypes",""
"passed","Mon Aug 07 07:20:34 GMT 2023","Mon Aug 07 07:20:36 GMT 2023","1823","AllTestsSuite","AllTests","school.redrover.PipelineTest","school.redrover.PipelineTest","testRenameToTheCurrentNameAndGetError","testRenameToTheCurrentNameAndGetError",""
"passed","Mon Aug 07 07:07:41 GMT 2023","Mon Aug 07 07:07:48 GMT 2023","6966","AllTestsSuite","AllTests","school.redrover.FolderTest","school.redrover.FolderTest","testAddedPipelineLibrary","testAddedPipelineLibrary",""
"passed","Mon Aug 07 07:09:43 GMT 2023","Mon Aug 07 07:09:45 GMT 2023","1700","AllTestsSuite","AllTests","school.redrover.FolderTest","school.redrover.FolderTest","testDeleteItemFromDropDown","testDeleteItemFromDropDown",""
"passed","Mon Aug 07 07:06:35 GMT 2023","Mon Aug 07 07:06:37 GMT 2023","1789","AllTestsSuite","AllTests","school.redrover.MultibranchPipelineTest","school.redrover.MultibranchPipelineTest","testRenameWithInvalidData","testRenameWithInvalidData",""
"passed","Mon Aug 07 06:52:28 GMT 2023","Mon Aug 07 06:52:31 GMT 2023","3337","AllTestsSuite","AllTests","school.redrover.FreestyleProjectTest","school.redrover.FreestyleProjectTest","testAddBooleanParameterTheFreestyleProject","testAddBooleanParameterTheFreestyleProject",""
"passed","Mon Aug 07 07:29:11 GMT 2023","Mon Aug 07 07:29:13 GMT 2023","2151","AllTestsSuite","AllTests","school.redrover.BreadcrumbTest","school.redrover.BreadcrumbTest","testReturnToDashboardPageFromConfigurationPage","testReturnToDashboardPageFromConfigurationPage",""
"passed","Mon Aug 07 06:48:58 GMT 2023","Mon Aug 07 06:49:00 GMT 2023","1764","AllTestsSuite","AllTests","school.redrover.UsersTest","school.redrover.UsersTest","testCreateUserCheckInPeople","testCreateUserCheckInPeople",""
"passed","Mon Aug 07 07:00:31 GMT 2023","Mon Aug 07 07:00:33 GMT 2023","1956","AllTestsSuite","AllTests","school.redrover.FreestyleProjectTest","school.redrover.FreestyleProjectTest","testPreviewDescriptionFromProjectPage","testPreviewDescriptionFromProjectPage",""
"passed","Mon Aug 07 07:15:12 GMT 2023","Mon Aug 07 07:15:14 GMT 2023","2107","AllTestsSuite","AllTests","school.redrover.PipelineTest","school.redrover.PipelineTest","testCancelDeletingFromSideMenu","testCancelDeletingFromSideMenu",""
"passed","Mon Aug 07 07:10:16 GMT 2023","Mon Aug 07 07:10:19 GMT 2023","3383","AllTestsSuite","AllTests","school.redrover.FolderTest","school.redrover.FolderTest","testMoveJobToFolderFromDropDownMenu","testMoveJobToFolderFromDropDownMenu",""
"passed","Mon Aug 07 06:58:59 GMT 2023","Mon Aug 07 06:59:02 GMT 2023","2240","AllTestsSuite","AllTests","school.redrover.FreestyleProjectTest","school.redrover.FreestyleProjectTest","testEditDescription","testEditDescription",""
"passed","Mon Aug 07 06:40:11 GMT 2023","Mon Aug 07 06:40:12 GMT 2023","641","AllTestsSuite","AllTests","school.redrover.OrganizationFolderTest","school.redrover.OrganizationFolderTest","testCreateUsingInvalidData","testCreateUsingInvalidData",""
"passed","Mon Aug 07 06:49:04 GMT 2023","Mon Aug 07 06:49:06 GMT 2023","2247","AllTestsSuite","AllTests","school.redrover.UsersTest","school.redrover.UsersTest","testCreateWithExistingName","testCreateWithExistingName",""
"passed","Mon Aug 07 07:01:43 GMT 2023","Mon Aug 07 07:01:49 GMT 2023","5807","AllTestsSuite","AllTests","school.redrover.FreestyleProjectTest","school.redrover.FreestyleProjectTest","testSetGitHubCommitStatusToPostBuildActions","testSetGitHubCommitStatusToPostBuildActions",""
"passed","Mon Aug 07 07:09:09 GMT 2023","Mon Aug 07 07:09:11 GMT 2023","1674","AllTestsSuite","AllTests","school.redrover.FolderTest","school.redrover.FolderTest","testCreateWithExistingName","testCreateWithExistingName",""
"passed","Mon Aug 07 06:40:21 GMT 2023","Mon Aug 07 06:40:23 GMT 2023","1778","AllTestsSuite","AllTests","school.redrover.OrganizationFolderTest","school.redrover.OrganizationFolderTest","testCreateWithLongName","testCreateWithLongName",""
"passed","Mon Aug 07 07:32:24 GMT 2023","Mon Aug 07 07:32:28 GMT 2023","3798","AllTestsSuite","AllTests","school.redrover.ViewsTest","school.redrover.ViewsTest","testMoveFolderToNewViewList","testMoveFolderToNewViewList",""
"passed","Mon Aug 07 06:46:39 GMT 2023","Mon Aug 07 06:46:47 GMT 2023","7957","AllTestsSuite","AllTests","school.redrover.MultiConfigurationProjectTest","school.redrover.MultiConfigurationProjectTest","testEditDescriptionFromBuildPage","testEditDescriptionFromBuildPage","Verification of possibility to rename description for build of MultiConfiguration project"
"passed","Mon Aug 07 07:13:01 GMT 2023","Mon Aug 07 07:13:03 GMT 2023","1957","AllTestsSuite","AllTests","school.redrover.ManageJenkinsTest","school.redrover.ManageJenkinsTest","testDeleteNodeFromMainPage","testDeleteNodeFromMainPage","Delete node from the main page"
"passed","Mon Aug 07 06:42:33 GMT 2023","Mon Aug 07 06:42:36 GMT 2023","2924","AllTestsSuite","AllTests","school.redrover.MultiConfigurationProjectTest","school.redrover.MultiConfigurationProjectTest","testAddBuildStepsOptionsCollectToList","testAddBuildStepsOptionsCollectToList","Verification of possibility to add build steps options for MultiConfiguration Project"
"passed","Mon Aug 07 06:37:42 GMT 2023","Mon Aug 07 06:37:42 GMT 2023","702","AllTestsSuite","AllTests","school.redrover.HeaderTest","school.redrover.HeaderTest","testReturnToDashboardFromSideMenuPages","testReturnToDashboardFromSideMenuPages",""
"passed","Mon Aug 07 06:37:18 GMT 2023","Mon Aug 07 06:37:21 GMT 2023","2218","AllTestsSuite","AllTests","school.redrover.HeaderTest","school.redrover.HeaderTest","testNotificationPopUpClickManageJenkinsLink","testNotificationPopUpClickManageJenkinsLink",""
"passed","Mon Aug 07 06:39:13 GMT 2023","Mon Aug 07 06:39:16 GMT 2023","2610","AllTestsSuite","AllTests","school.redrover.OrganizationFolderTest","school.redrover.OrganizationFolderTest","testConfigureProjectsEditScriptPath","testConfigureProjectsEditScriptPath",""
"passed","Mon Aug 07 06:56:20 GMT 2023","Mon Aug 07 06:56:22 GMT 2023","2046","AllTestsSuite","AllTests","school.redrover.FreestyleProjectTest","school.redrover.FreestyleProjectTest","testCreateBuildNowFromArrow","testCreateBuildNowFromArrow",""
"passed","Mon Aug 07 06:57:12 GMT 2023","Mon Aug 07 06:57:13 GMT 2023","415","AllTestsSuite","AllTests","school.redrover.FreestyleProjectTest","school.redrover.FreestyleProjectTest","testCreateUsingInvalidData","testCreateUsingInvalidData",""
"passed","Mon Aug 07 07:28:46 GMT 2023","Mon Aug 07 07:28:48 GMT 2023","2541","AllTestsSuite","AllTests","school.redrover.BreadcrumbTest","school.redrover.BreadcrumbTest","testNavigateToSubMenuUserFromDropDownOnBreadcrumb","testNavigateToSubMenuUserFromDropDownOnBreadcrumb",""
"passed","Mon Aug 07 06:44:12 GMT 2023","Mon Aug 07 06:44:19 GMT 2023","7050","AllTestsSuite","AllTests","school.redrover.MultiConfigurationProjectTest","school.redrover.MultiConfigurationProjectTest","testCreateBuildNowFromSideMenu","testCreateBuildNowFromSideMenu","Verification of possibility to build  MultiConfiguration project from side menu"
"passed","Mon Aug 07 07:15:08 GMT 2023","Mon Aug 07 07:15:10 GMT 2023","1525","AllTestsSuite","AllTests","school.redrover.PipelineTest","school.redrover.PipelineTest","testCancelDeletingFromDropDownMenu","testCancelDeletingFromDropDownMenu",""
"passed","Mon Aug 07 07:17:23 GMT 2023","Mon Aug 07 07:17:30 GMT 2023","7393","AllTestsSuite","AllTests","school.redrover.PipelineTest","school.redrover.PipelineTest","testDeleteBuildNowFromDropDown","testDeleteBuildNowFromDropDown",""
"passed","Mon Aug 07 07:10:51 GMT 2023","Mon Aug 07 07:10:54 GMT 2023","3068","AllTestsSuite","AllTests","school.redrover.FolderTest","school.redrover.FolderTest","testMoveJobsToFolderFromSideMenu","testMoveJobsToFolderFromSideMenu",""
"passed","Mon Aug 07 06:48:42 GMT 2023","Mon Aug 07 06:48:43 GMT 2023","1120","AllTestsSuite","AllTests","school.redrover.UsersTest","school.redrover.UsersTest","testAddDescriptionFromConfigure","testAddDescriptionFromConfigure",""
"passed","Mon Aug 07 06:53:03 GMT 2023","Mon Aug 07 06:53:05 GMT 2023","2539","AllTestsSuite","AllTests","school.redrover.FreestyleProjectTest","school.redrover.FreestyleProjectTest","testAddDescriptionFromProjectPage","testAddDescriptionFromProjectPage",""
"passed","Mon Aug 07 07:30:26 GMT 2023","Mon Aug 07 07:30:28 GMT 2023","2385","AllTestsSuite","AllTests","school.redrover.ViewsTest","school.redrover.ViewsTest","testAddDescriptionForListViewTypeFromConfigure","testAddDescriptionForListViewTypeFromConfigure",""
"passed","Mon Aug 07 07:28:27 GMT 2023","Mon Aug 07 07:28:29 GMT 2023","2521","AllTestsSuite","AllTests","school.redrover.BreadcrumbTest","school.redrover.BreadcrumbTest","testNavigateToPipelinePagesFromDropdownOnBreadcrumb","testNavigateToPipelinePagesFromDropdownOnBreadcrumb",""
"passed","Mon Aug 07 06:46:48 GMT 2023","Mon Aug 07 06:46:51 GMT 2023","2449","AllTestsSuite","AllTests","school.redrover.MultiConfigurationProjectTest","school.redrover.MultiConfigurationProjectTest","testEnableFromConfigurationPage","testEnableFromConfigurationPage","Verification of possibility to enable disable MultiConfiguration Project from Configuration Page"
"passed","Mon Aug 07 06:57:21 GMT 2023","Mon Aug 07 06:57:21 GMT 2023","657","AllTestsSuite","AllTests","school.redrover.FreestyleProjectTest","school.redrover.FreestyleProjectTest","testCreateUsingInvalidData","testCreateUsingInvalidData",""
"passed","Mon Aug 07 06:54:42 GMT 2023","Mon Aug 07 06:54:44 GMT 2023","2189","AllTestsSuite","AllTests","school.redrover.FreestyleProjectTest","school.redrover.FreestyleProjectTest","testCancelDeletingFromSideMenu","testCancelDeletingFromSideMenu",""
"passed","Mon Aug 07 06:57:10 GMT 2023","Mon Aug 07 06:57:11 GMT 2023","653","AllTestsSuite","AllTests","school.redrover.FreestyleProjectTest","school.redrover.FreestyleProjectTest","testCreateUsingInvalidData","testCreateUsingInvalidData",""
"passed","Mon Aug 07 06:49:08 GMT 2023","Mon Aug 07 06:49:10 GMT 2023","2175","AllTestsSuite","AllTests","school.redrover.UsersTest","school.redrover.UsersTest","testDeleteFromBin","testDeleteFromBin",""
"passed","Mon Aug 07 07:18:29 GMT 2023","Mon Aug 07 07:18:37 GMT 2023","7939","AllTestsSuite","AllTests","school.redrover.PipelineTest","school.redrover.PipelineTest","testEditDescriptionFromBuildPage","testEditDescriptionFromBuildPage",""
"passed","Mon Aug 07 07:16:27 GMT 2023","Mon Aug 07 07:16:30 GMT 2023","2980","AllTestsSuite","AllTests","school.redrover.PipelineTest","school.redrover.PipelineTest","testCreateNewPipelineWithScript","testCreateNewPipelineWithScript",""
"passed","Mon Aug 07 07:14:11 GMT 2023","Mon Aug 07 07:14:14 GMT 2023","2941","AllTestsSuite","AllTests","school.redrover.PipelineTest","school.redrover.PipelineTest","testAddBooleanParameterWithDescription","testAddBooleanParameterWithDescription",""
"passed","Mon Aug 07 06:56:03 GMT 2023","Mon Aug 07 06:56:05 GMT 2023","1999","AllTestsSuite","AllTests","school.redrover.FreestyleProjectTest","school.redrover.FreestyleProjectTest","testConsoleOutputFromDropDown","testConsoleOutputFromDropDown",""
"passed","Mon Aug 07 06:57:42 GMT 2023","Mon Aug 07 06:57:43 GMT 2023","739","AllTestsSuite","AllTests","school.redrover.FreestyleProjectTest","school.redrover.FreestyleProjectTest","testCreateWithSpaceInsteadOfName","testCreateWithSpaceInsteadOfName",""
