"Epic","Feature","Story","FAILED","BROKEN","PASSED","SKIPPED","UNKNOWN"
"","Function","","0","0","575","0","5"
"","","","0","0","85","0","0"
"","Navigation","","0","0","175","0","0"
"","UI","","0","0","34","0","0"
